        Assignment         w1         w2         w3   Probability     
 
                 ?-?-?    115.352      0.161      8.299 
       K29N-A28HA-K29H    120.282      4.115      7.853     1.000
       L71N-V70HA-L71H    123.259      4.325      8.136     1.000
                 ?-?-?    108.797      3.952      8.107 
       R74N-L73HA-R74H    122.041      4.337      8.450     1.000
      S20N-P19HG2-S20H    103.463      2.170      7.022     1.000
                 ?-?-?    123.967      4.111      8.544 
      R72N-L71HB3-R72H    123.890      1.487      8.621     1.000
       R42N-Q41HA-R42H    123.064      4.183      8.505     1.000
                 ?-?-?    112.274      1.942      7.676 
      K27N-V26HG2-K27H    119.026      0.940      8.542     1.000
      T12N-K11HD2-T12H    120.699      1.643      8.648     1.000
      E34N-K33HD2-E34H    114.285      1.673      8.714     0.772
                 ?-?-?    115.366      3.949      7.711 
      Q41N-Q40HG2-Q41H    118.099      2.369      7.477     1.000
         T9N-L8HB2-T9H    105.960      1.718      7.634     1.000
                 ?-?-?    116.451      3.093      7.365 
      R72N-L71HD1-R72H    123.896      0.930      8.622     1.000
                 ?-?-?    126.795      2.229      8.892 
                 ?-?-?    108.745      3.951      8.929 
       H68N-L67HG-H68H    118.983      1.730      9.233     1.000
      E64N-K63HD2-E64H    114.576      1.692      9.301     1.000
      R54N-G53HA2-R54H    119.405      4.017      7.452     1.000
         T7N-K6HD2-T7H    115.576      1.527      8.735     1.000
      I44N-L43HD2-I44H    122.255      0.738      9.057     1.000
       Q40N-D39HA-Q40H    116.986      4.370      7.815     0.892
                 ?-?-?    123.748      4.415      9.318 
                 ?-?-?    108.767      3.953      7.760 
      V17N-E16HG3-V17H    117.575      2.205      8.927     1.000
       T22N-D21HA-T22H    109.098      4.644      7.876     1.000
       K33N-D32HA-K33H    115.566      4.301      7.414     0.814
                 ?-?-?    115.517      3.947      8.207 
      D21N-S20HB2-D21H    123.954      4.116      8.042     1.000
                 ?-?-?    112.087      1.944      6.851 
      Q40N-D39HB2-Q40H    116.988      2.629      7.814     0.669
       Q49N-K48HA-Q49H    122.926      4.567      8.635     1.000
      L50N-Q49HG2-L50H    125.739      2.196      8.542     1.000
        G10N-T9HB-G10H    109.267      4.542      7.808     1.000
                 ?-?-?    115.439      5.196      8.383 
       L50N-Q49HA-L50H    125.733      4.503      8.541     1.000
                 ?-?-?    125.357      3.166      8.892 
                 ?-?-?    116.439      2.350      7.364 
       G35N-E34HA-G35H    108.935      4.536      8.499     1.000
       L73N-R72HA-L73H    124.482      4.249      8.368     1.000
                 ?-?-?    115.504      3.946      8.181 
      D52N-E51HB2-D52H    120.427      2.178      8.157     1.000
       G53N-D52HA-G53H    109.549      4.503      6.879     1.000
       K63N-Q62HA-K63H    120.642      4.437      8.492     1.000
      L71N-V70HG2-L71H    123.255      0.794      8.135     1.000
                 ?-?-?    121.942      2.809      8.265 
      F45N-I44HD1-F45H    125.373      0.638      8.838     1.000
       Q41N-Q40HA-Q41H    118.096      4.423      7.477     1.000
                 ?-?-?    119.227      4.668      8.585 
                 ?-?-?    124.836      4.003      8.655 
                 ?-?-?    118.521      0.789      8.595 
      Q49N-K48HB2-Q49H    122.932      1.852      8.634     1.000
                 ?-?-?    113.529      4.187      8.174 
                 ?-?-?    129.663      2.122      9.228 
      D39N-P38HG2-D39H    113.746      1.590      8.528     1.000
       E18N-V17HA-E18H    119.315      4.661      8.640     1.000
       Y59N-D58HA-Y59H    115.803      4.243      7.243     1.000
       R72N-L71HA-R72H    123.897      4.986      8.622     1.000
                 ?-?-?    134.062      2.720      7.417 
      A28N-K27HG2-A28H    123.591      1.389      7.983     0.759
      D39N-P38HD2-D39H    113.741      3.710      8.529     1.000
                 ?-?-?    121.914      3.740      8.542 
         T7N-K6HE2-T7H    115.566      2.858      8.735     1.000
      K11N-G10HA3-K11H    121.960      3.567      7.261     1.000
                 ?-?-?    122.885      1.907      8.701 
      E18N-V17HG2-E18H    119.316      0.382      8.640     1.000
      G75N-R74HD2-G75H    110.462      3.139      8.517     1.000
      Q49N-K48HG2-Q49H    122.935      1.478      8.634     1.000
                 ?-?-?    120.669      3.882      8.065 
                 ?-?-?    113.811      1.158      8.553 
                 ?-?-?    120.932      0.684      8.835 
      T55N-R54HD2-T55H    108.856      3.073      8.806     1.000
                 ?-?-?    112.068      2.265      6.814 
       L67N-T66HB-L67H    127.617      4.040      9.408     0.752
         I3N-Q2HG2-I3H    115.191      2.202      8.294     1.000
                 ?-?-?    121.901      3.189      8.264 
     F45N-I44HG12-F45H    125.349      1.310      8.837     1.000
                 ?-?-?    125.368      3.167      8.309 
                 ?-?-?    125.029      3.214      8.232 
       N25N-E24HA-N25H    121.359      3.847      7.920     1.000
                 ?-?-?    110.683      4.424      6.750 
                 ?-?-?    115.537      3.991      8.369 
                 ?-?-?    115.567      1.421      8.735 
      V17N-E16HB3-V17H    117.574      1.871      8.927     1.000
      E51N-L50HB2-E51H    123.255      1.444      8.395     1.000
      K27N-V26HG1-K27H    119.041      0.651      8.543     1.000
       G47N-A46HB-G47H    102.570      0.840      8.147     0.680
       I23N-T22HA-I23H    121.349      4.872      8.525     0.537
       T66N-S65HA-T66H    117.452      4.588      8.737     1.000
          K6N-V5HA-K6H    127.820      4.727      8.875     1.000
       K27N-V26HB-K27H    119.057      2.304      8.541     1.000
       L56N-T55HA-L56H    118.104      5.195      8.134     1.000
         I3N-Q2HG3-I3H    115.196      1.858      8.295     1.000
                 ?-?-?    122.403      2.217      8.179 
                 ?-?-?    110.649      2.381      6.749 
      G35N-E34HB2-G35H    108.934      1.647      8.499     1.000
      Y59N-D58HB3-Y59H    115.807      2.238      7.241     1.000
      I36N-G35HA2-I36H    120.321      4.092      6.131     0.505
      I44N-L43HB2-I44H    122.256      1.524      9.057     1.000
      T22N-D21HB2-T22H    109.097      2.900      7.876     0.592
                 ?-?-?    119.978      3.012      8.550 
                 ?-?-?    125.394      3.167      8.544 
                 ?-?-?    123.911      4.110      7.919 
      S57N-L56HB3-S57H    113.582      1.164      8.471     1.000
         Q2N-M1HB2-Q2H    123.024      2.054      8.944     1.000
      R72N-L71HD2-R72H    123.905      0.819      8.622     1.000
                 ?-?-?    111.230      3.954      8.339 
      D32N-Q31HG3-D32H    119.830      1.896      8.016     1.000
                 ?-?-?    129.600      3.933      9.693 
      L73N-R72HB2-L73H    124.474      1.723      8.367     1.000
                 ?-?-?    115.391      3.744      8.287 
                 ?-?-?    120.461      4.358      8.544 
      S57N-L56HD1-S57H    113.579      0.707      8.471     1.000
      E34N-K33HB2-E34H    114.305      1.981      8.714     1.000
      I23N-T22HG2-I23H    121.344      1.223      8.527     1.000
                 ?-?-?    122.888      4.608      8.702 
      K63N-Q62HG2-K63H    120.641      2.294      8.492     1.000
          K6N-V5HB-K6H    127.830      1.867      8.875     1.000
       L43N-R42HA-L43H    124.496      4.443      8.826     1.000
      T22N-D21HB3-T22H    109.102      2.470      7.876     0.831
                 ?-?-?    114.955      1.460      9.207 
     T14N-I13HG12-T14H    121.831      1.403      8.743     1.000
      E64N-K63HB2-E64H    114.574      2.012      9.301     1.000
                 ?-?-?    119.973      4.487      8.597 
                 ?-?-?    120.521      1.585      8.456 
       E51N-L50HA-E51H    123.263      4.041      8.395     1.000
      V17N-E16HB2-V17H    117.579      1.792      8.927     1.000
       T14N-I13HB-T14H    121.828      1.833      8.743     1.000
         T9N-L8HD1-T9H    105.958      0.985      7.634     1.000
          F4N-I3HB-F4H    118.527      1.729      8.595     1.000
                 ?-?-?    118.914      3.258      7.512 
                 ?-?-?    116.987      2.745      7.814 
       L15N-T14HB-L15H    125.154      4.000      8.720     0.594
      D58N-S57HB2-D58H    124.563      3.709      7.927     1.000
                 ?-?-?    123.995      0.926      8.678 
       L67N-T66HA-L67H    127.591      5.236      9.408     1.000
      S57N-L56HB2-S57H    113.571      2.070      8.471     1.000
       I13N-T12HA-I13H    127.719      4.989      9.509     1.000
                 ?-?-?    120.633      3.143      8.677 
                 ?-?-?    120.319      5.150      8.645 
      D21N-S20HB3-D21H    123.957      3.745      8.042     1.000
      T12N-K11HG3-T12H    120.706      1.196      8.648     1.000
      H68N-L67HB2-H68H    118.983      1.591      9.233     0.596
                 ?-?-?    134.043      2.805      7.415 
       V17N-E16HA-V17H    117.574      4.848      8.927     1.000
       G75N-R74HA-G75H    110.462      4.296      8.517     1.000
      R74N-L73HB2-R74H    122.043      1.496      8.450     1.000
      D58N-S57HB3-D58H    124.576      3.805      7.928     1.000
      S57N-L56HD2-S57H    113.567      0.581      8.471     1.000
                 ?-?-?    107.748      4.530      7.811 
      G35N-E34HG2-G35H    108.936      2.056      8.499     1.000
                 ?-?-?    125.744      3.185      8.459 
         K6N-V5HG1-K6H    127.884      0.683      8.931     1.000
                 ?-?-?    120.890      4.709      8.835 
      D52N-E51HG2-D52H    120.426      2.299      8.157     1.000
      L71N-V70HG1-L71H    123.263      0.898      8.136     1.000
      R42N-Q41HG3-R42H    123.067      2.482      8.505     1.000
      V70N-L69HD2-V70H    127.097      0.703      9.192     1.000
                 ?-?-?    110.159      2.899      7.999 
     F45N-I44HG13-F45H    125.375      1.020      8.838     1.000
       I13N-T12HB-I13H    127.726      3.903      9.509     1.000
      E16N-L15HD1-E16H    122.520      0.683      8.122     0.857
      A46N-F45HB3-A46H    132.896      2.771      8.922     1.000
                 ?-?-?    108.755      1.899      8.356 
      L73N-R72HG3-L73H    124.476      1.487      8.367     1.000
      Q31N-I30HD1-Q31H    123.654      0.646      8.541     1.000
      E64N-K63HB3-E64H    114.580      1.855      9.301     0.683
         T9N-L8HB3-T9H    105.960      1.883      7.634     1.000
       L71N-V70HB-L71H    123.268      1.980      8.135     0.776
      S65N-E64HB2-S65H    115.024      2.374      7.656     0.662
       D32N-Q31HA-D32H    119.829      3.775      8.016     1.000
      T66N-S65HB2-T66H    117.454      3.857      8.737     1.000
                 ?-?-?    120.428      3.739      8.546 
                 ?-?-?    120.486      2.992      8.723 
      G35N-E34HG3-G35H    108.937      2.115      8.499     1.000
                 ?-?-?    107.235      2.196      8.545 
      S65N-E64HB3-S65H    115.022      2.510      7.657     0.769
                 ?-?-?    117.937      4.652      8.216 
                 ?-?-?    132.766      2.747      8.830 
       Q31N-I30HB-Q31H    123.649      2.319      8.541     1.000
       E16N-L15HA-E16H    122.515      4.718      8.122     1.000
       S20N-P19HA-S20H    103.467      4.083      7.021     1.000
      G76N-G75HA3-G76H    108.755      4.159      8.344     0.590
      S20N-P19HB2-S20H    103.468      2.400      7.021     1.000
      N25N-E24HG2-N25H    121.355      2.352      7.920     1.000
                 ?-?-?    115.423      3.952      8.516 
       E34N-K33HA-E34H    114.309      4.277      8.714     1.000
      R42N-Q41HB2-R42H    123.086      1.882      8.506     1.000
       L56N-T55HB-L56H    118.101      4.504      8.133     1.000
      L69N-H68HB2-L69H    124.234      2.895      8.300     1.000
                 ?-?-?    121.180      3.749      9.461 
                 ?-?-?    123.964      4.231      8.172 
      R74N-L73HD1-R74H    122.044      0.847      8.450     1.000
                 ?-?-?    125.736      3.362      7.816 
                 ?-?-?    118.935      2.765      7.512 
                 ?-?-?    112.295      4.503      7.677 
       K27N-V26HA-K27H    119.027      3.348      8.542     1.000
     Q62N-I61HG12-Q62H    125.029      1.063      7.620     1.000
      V26N-N25HB2-V26H    122.177      2.829      8.094     1.000
      I61N-N60HB2-I61H    118.926      3.270      7.238     0.526
     Q31N-I30HG12-Q31H    123.646      1.972      8.542     1.000
      L43N-R42HB2-L43H    124.503      1.622      8.825     1.000
      E51N-L50HD2-E51H    123.264     -0.201      8.394     1.000
      N60N-Y59HB2-N60H    116.090      2.489      8.141     1.000
       Q62N-I61HA-Q62H    125.024      3.336      7.620     1.000
                 ?-?-?    115.381      3.950      8.287 
       T14N-I13HA-T14H    121.827      4.476      8.743     1.000
                 ?-?-?    119.921      2.287      8.597 
      I61N-N60HB3-I61H    118.924      2.754      7.238     1.000
      I13N-T12HG2-I13H    127.745      1.037      9.510     1.000
      D39N-P38HB3-D39H    113.721      1.994      8.528     1.000
                 ?-?-?    108.793      3.950      8.581 
       Q31N-I30HA-Q31H    123.652      3.461      8.541     0.777
      D39N-P38HB2-D39H    113.716      2.187      8.528     0.529
                 ?-?-?    110.892      3.951      8.293 
                 ?-?-?    112.058      4.439      6.814 
      E64N-K63HG3-E64H    114.581      1.445      9.301     1.000
       Q62N-I61HB-Q62H    125.024      1.353      7.620     1.000
      N25N-E24HB2-N25H    121.350      1.994      7.920     1.000
      I30N-K29HB3-I30H    121.393      1.899      8.272     1.000
      N60N-Y59HB3-N60H    116.093      3.421      8.141     0.621
      G75N-R74HB2-G75H    110.463      1.822      8.517     1.000
      T55N-R54HB3-T55H    108.844      2.047      8.806     1.000
         V5N-F4HB3-V5H    121.328      2.834      9.301     0.866
      D32N-Q31HG2-D32H    119.907      2.244      8.060     1.000
         Q2N-M1HG2-Q2H    123.025      2.505      8.944     1.000
      T66N-S65HB3-T66H    117.453      3.592      8.737     1.000
      K33N-D32HB3-K33H    115.543      2.722      7.414     0.636
      I30N-K29HB2-I30H    121.395      2.102      8.271     1.000
          L8N-T7HB-L8H    121.416      4.768      9.115     1.000
      S65N-E64HG2-S65H    115.023      2.211      7.657     1.000
                 ?-?-?    133.126      2.989      8.990 
      V70N-L69HB2-V70H    127.104      1.577      9.192     1.000
       E24N-I23HA-E24H    111.257      4.311      7.541     1.000
      T12N-K11HB3-T12H    120.699      1.766      8.648     1.000
                 ?-?-?    117.005      2.636      7.875 
                 ?-?-?    120.638      3.058      8.677 
                 ?-?-?    114.898      3.236      7.547 
       G47N-A46HB-G47H    102.561      0.849      8.221     0.680
                 ?-?-?    111.844      3.953      8.295 
       L15N-T14HA-L15H    125.149      4.926      8.721     1.000
                 ?-?-?    106.766      3.167      8.272 
     Q62N-I61HG13-Q62H    125.026     -0.406      7.620     0.530
                 ?-?-?    111.923      1.827      7.726 
       I61N-N60HA-I61H    118.935      4.311      7.237     0.555
      V26N-N25HB3-V26H    122.179      3.173      8.094     1.000
                 ?-?-?    120.751      3.908      8.295 
       D32N-Q31HA-D32H    119.878      3.775      8.058     1.000
          Q2N-M1HA-Q2H    123.025      4.184      8.944     1.000
                 ?-?-?    111.698      5.245      6.745 
      E34N-K33HB3-E34H    114.304      1.805      8.714     1.000
                 ?-?-?    108.795      3.951      8.075 
          I3N-Q2HA-I3H    115.182      5.244      8.294     1.000
                 ?-?-?    120.239      3.772      8.425 
       S57N-L56HA-S57H    113.571      4.018      8.471     1.000
      L43N-R42HD3-L43H    124.493      3.034      8.825     1.000
      S20N-P19HB3-S20H    103.459      1.983      7.021     1.000
      E51N-L50HB3-E51H    123.264      0.965      8.395     1.000
                 ?-?-?    120.592      2.305      8.206 
       A28N-K27HA-A28H    123.588      4.546      7.983     1.000
                 ?-?-?    115.380      3.950      8.864 
      V70N-L69HD1-V70H    127.101      0.824      9.192     1.000
                 ?-?-?    119.979      3.139      8.550 
      K11N-G10HA2-K11H    121.960      4.301      7.261     0.606
       I30N-K29HA-I30H    121.395      4.160      8.271     0.685
       T55N-R54HA-T55H    108.854      4.677      8.807     1.000
      Q41N-Q40HB3-Q41H    118.095      1.790      7.477     1.000
      E16N-L15HB2-E16H    122.517      1.167      8.122     1.000
      I36N-G35HA3-I36H    120.322      3.874      6.131     1.000
       K29N-A28HB-K29H    120.282      1.589      7.853     1.000
      I30N-K29HD3-I30H    121.395      1.751      8.272     0.666
                 ?-?-?    127.878      3.173      8.302 
       D39N-P38HA-D39H    113.720      4.071      8.528     1.000
       I44N-L43HA-I44H    122.255      5.314      9.057     1.000
                 ?-?-?    125.895      1.588      7.864 
                 ?-?-?    124.904      3.763      8.002 
                 ?-?-?    133.979      3.952      8.304 
         T7N-K6HB2-T7H    115.569      1.639      8.735     1.000
                 ?-?-?    112.243      2.257      7.277 
      E18N-V17HG1-E18H    119.315      0.667      8.640     1.000
      L73N-R72HD2-L73H    124.471      3.098      8.367     1.000
      T12N-K11HG2-T12H    120.700      1.371      8.648     1.000
       D21N-S20HA-D21H    123.945      4.322      8.042     0.887
      I30N-K29HD2-I30H    121.385      1.414      8.272     1.000
                 ?-?-?    115.368      4.158      8.288 
      A28N-K27HB2-A28H    123.593      1.968      7.983     1.000
      K63N-Q62HB3-K63H    120.656      1.850      8.492     1.000
      E34N-K33HG2-E34H    114.297      1.559      8.714     1.000
      H68N-L67HD1-H68H    118.987      0.640      9.233     1.000
      L50N-Q49HB2-L50H    125.739      1.943      8.541     0.825
       E64N-K63HA-E64H    114.588      3.935      9.302     1.000
                 ?-?-?    120.512      3.111      8.720 
                 ?-?-?    121.236      3.979      7.929 
       F45N-I44HA-F45H    125.372      4.913      8.837     0.828
      R42N-Q41HG2-R42H    123.062      1.611      8.505     1.000
      D32N-Q31HB2-D32H    119.837      2.455      8.016     1.000
                 ?-?-?    120.429      2.400      8.157 
                 ?-?-?    111.095      4.311      6.809 
      D52N-E51HB3-D52H    120.434      1.924      8.157     1.000
                 ?-?-?    111.922      1.583      7.726 
      G75N-R74HG2-G75H    110.462      1.587      8.517     1.000
          T9N-L8HA-T9H    105.959      4.260      7.634     1.000
      T55N-R54HG2-T55H    108.853      1.572      8.806     1.000
          F4N-I3HA-F4H    118.510      4.115      8.595     1.000
                 ?-?-?    132.786      2.992      8.832 
                 ?-?-?    120.742      2.262      8.294 
                 ?-?-?    106.287      3.952      8.349 
      Y59N-D58HB2-Y59H    115.807      2.965      7.241     1.000
      T14N-I13HG2-T14H    121.823      0.837      8.742     1.000
                 ?-?-?    112.249      4.436      7.278 
      E34N-K33HE3-E34H    114.301      3.103      8.713     1.000
      T14N-I13HD1-T14H    121.821      0.688      8.744     1.000
       G47N-A46HA-G47H    102.570      3.659      8.146     0.571
                 ?-?-?    120.599      4.458      8.206 
      E51N-L50HD1-E51H    123.266      0.475      8.395     1.000
                 ?-?-?    115.065      3.924      7.941 
                 ?-?-?    129.678      2.326      9.228 
      Q62N-I61HD1-Q62H    125.022      0.431      7.621     1.000
                 ?-?-?    108.674      3.874      8.617 
      A28N-K27HE2-A28H    123.593      2.593      7.983     1.000
                 ?-?-?    117.879      3.950      8.278 
      Q49N-K48HE2-Q49H    122.951      3.129      8.634     1.000
         V5N-F4HB2-V5H    121.320      3.000      9.301     1.000
      K27N-V26HG1-K27H    119.222      0.655      8.581     1.000
                 ?-?-?    111.933      5.241      7.725 
      A28N-K27HD3-A28H    123.594      1.631      7.983     1.000
        F4N-I3HG12-F4H    118.528      1.009      8.595     1.000
       D58N-S57HA-D58H    124.578      4.208      7.928     1.000
                 ?-?-?    120.673      3.133      8.795 
      E64N-K63HE2-E64H    114.613      2.990      9.302     1.000
       S57N-L56HG-S57H    113.567      1.675      8.471     0.632
                 ?-?-?    120.671      3.029      8.794 
      K33N-D32HB2-K33H    115.542      2.806      7.414     0.863
      L56N-T55HG2-L56H    118.103      1.076      8.133     1.000
      T12N-K11HE2-T12H    120.706      2.875      8.648     1.000
       T12N-K11HA-T12H    120.701      4.303      8.648     1.000
       D52N-E51HA-D52H    120.431      4.454      8.157     1.000
      D32N-Q31HG2-D32H    119.831      2.242      8.016     1.000
       F45N-I44HB-F45H    125.324      1.674      8.837     1.000
     T14N-I13HG13-T14H    121.832      1.060      8.742     1.000
                 ?-?-?    120.436      4.129      7.973 
      S20N-P19HD2-S20H    103.466      3.957      7.021     1.000
                 ?-?-?    123.975      1.644      8.677 
      L43N-R42HG2-L43H    124.554      1.343      8.826     1.000
      R74N-L73HB3-R74H    122.043      1.585      8.450     1.000
                 ?-?-?    117.011      2.725      7.875 
                 ?-?-?    112.918      3.950      8.290 
      G76N-G75HA2-G76H    108.776      3.953      8.344     0.980
                 ?-?-?    125.048      3.139      8.231 
                 ?-?-?    122.886      1.492      8.701 
                 ?-?-?    124.504      1.453      8.826 
                 ?-?-?    110.851      4.422      7.666 
                 ?-?-?    133.126      2.780      8.989 
      R72N-L71HB3-R72H    123.909      1.466      8.674     1.000
      G75N-R74HB3-G75H    110.463      1.729      8.517     1.000
       S65N-E64HA-S65H    115.017      3.310      7.656     0.685
      E16N-L15HB3-E16H    122.515      1.322      8.122     1.000
                 ?-?-?    114.889      2.196      7.545 
                 ?-?-?    108.865      3.953      8.422 
      A28N-K27HD2-A28H    123.599      1.533      7.982     1.000
       I44N-L43HG-I44H    122.259      1.418      9.056     1.000
      A46N-F45HB2-A46H    132.895      2.980      8.922     1.000
      V17N-E16HG2-V17H    117.573      2.055      8.927     1.000
                 ?-?-?    108.772      0.159      8.356 
                 ?-?-?    115.461      1.876      8.384 
      T55N-R54HB2-T55H    108.850      2.205      8.806     1.000
       E18N-V17HB-E18H    119.317      2.285      8.640     1.000
      R72N-L71HB2-R72H    123.902      1.633      8.622     1.000
                 ?-?-?    115.387      3.948      8.057 
      K48N-G47HA3-K48H    122.005      3.403      7.975     1.000
                 ?-?-?    124.752      3.807      8.095 
                 ?-?-?    115.455      2.243      8.386 
      K48N-G47HA2-K48H    122.005      4.050      7.975     0.724
       H68N-L67HA-H68H    118.986      5.042      9.232     0.831
      I44N-L43HB3-I44H    122.256      1.107      9.057     1.000
                 ?-?-?    121.194      4.183      9.461 
       V70N-L69HG-V70H    127.101      1.284      9.192     1.000
                 ?-?-?    110.819      2.385      7.665 
       G47N-A46HA-G47H    102.561      3.663      8.220     0.571
                 ?-?-?    123.029      1.927      8.943 
                 ?-?-?    110.154      2.458      7.998 
         T7N-K6HB3-T7H    115.565      1.334      8.735     0.793
         I3N-Q2HB3-I3H    115.144      1.580      8.292     1.000
         F4N-I3HG2-F4H    118.526      0.576      8.594     1.000
         K6N-V5HG2-K6H    127.817      0.660      8.875     0.607
                 ?-?-?    122.840      3.166      8.311 
                 ?-?-?    124.135      3.099      8.300 
      N25N-E24HG3-N25H    121.355      2.286      7.920     1.000
       V70N-L69HA-V70H    127.101      5.141      9.193     1.000
       G10N-T9HG2-G10H    109.261      1.047      7.806     1.000
      V70N-L69HB3-V70H    127.102      1.062      9.193     1.000
                 ?-?-?    120.411      1.587      7.974 
                 ?-?-?    119.982      2.357      8.598 
       I23N-T22HB-I23H    121.346      4.767      8.526     1.000
          T7N-K6HA-T7H    115.562      5.273      8.735     1.000
      T55N-R54HG3-T55H    108.846      1.785      8.807     1.000
         T7N-K6HG2-T7H    115.564      1.232      8.735     1.000
      I30N-K29HG3-I30H    121.381      1.555      8.272     1.000
