          Assignment         w1         w2   Probability     
 
           E1CA-E1HA     56.923      4.139     1.000
          E1CB-E1HB2     24.309      2.085     1.000
          E1CG-E1HG2     35.337      2.145     1.000
           I2CA-I2HA     67.010      3.715     1.000
         I2CD1-I2HD1     10.486      0.916     1.000
        I2CG1-I2HG12     29.792      0.782     1.000
        I2CG1-I2HG13     29.792      0.875     1.000
                 ?-?     20.434      0.782 
         I2CG2-I2HG2     20.434      0.875     1.000
           L5CA-L5HA     55.233      4.251     1.000
         L5CD1-L5HD1     23.188      0.860     1.000
                 ?-?     23.188      0.899 
                 ?-?     23.739      0.860 
         L5CD2-L5HD2     23.739      0.899     1.000
           E6CA-E6HA     57.652      3.997     1.000
                 ?-?     56.918      0.000 
          K7CB-K7HB2     29.909      1.971     1.000
          K7CD-K7HD2     29.543      1.834     1.000
          K7CE-K7HE2     39.642      3.013     1.000
                 ?-?     26.834      0.000 
          E8CB-E8HB2     26.834      2.226     1.000
          E8CG-E8HG2     35.447      2.671     1.000
           I9CA-I9HA     63.830      3.476     1.000
         I9CD1-I9HD1     10.496      0.873     1.000
        I9CG1-I9HG12     26.710      1.151     1.000
        I9CG1-I9HG13     26.710      0.954     1.000
       I16CD1-I16HD1     15.181      1.151     1.000
         I9CG2-I9HG2     15.181      0.954     1.000
         L12CA-L12HA     55.419      4.199     1.000
        L12CB-L12HB2     40.041      2.164     1.000
        L12CB-L12HB3     40.041      1.331     1.000
       L12CD1-L12HD1     24.760      0.969     1.000
       L12CD2-L12HD2     24.760      0.955     1.000
       L12CD1-L12HD1     24.699      0.969     1.000
       L12CD2-L12HD2     24.699      0.955     1.000
         E13CA-E13HA     57.677      2.211     1.000
        E13CB-E13HB2     26.847      1.958     1.000
        K14CB-K14HB2     29.843      1.911     1.000
        K14CB-K14HB3     29.843      2.010     1.000
        K14CG-K14HG2     26.831      1.667     1.000
         E15CA-E15HA     57.140      4.171     1.000
         I16CA-I16HA     63.407      3.520     1.000
         I16CB-I16HB     35.467      1.892     1.000
         L19CA-L19HA     54.942      4.130     1.000
         E20CA-E20HA     56.780      4.045     1.000
         K21CA-K21HA     55.448      4.197     1.000
