            Assignment         w1         w2   Probability     
 
             V17N-V17H    117.594      8.924     1.000
             L56N-L56H    118.117      8.132     1.000
             I13N-I13H    127.781      9.508     1.000
             R74N-R74H    122.059      8.449     1.000
               Q2N-Q2H    123.059      8.942     1.000
             G53N-G53H    109.995      6.880     1.000
             Q40N-Q40H    116.999      7.815     1.000
             I36N-I36H    120.338      6.130     1.000
             L73N-L73H    124.491      8.368     1.000
             T22N-T22H    109.077      7.875     1.000
             R54N-R54H    119.432      7.452     1.000
                   ?-?    112.567      6.851 
             K11N-K11H    121.989      7.262     1.000
                   ?-?    112.187      6.744 
             G76N-G76H    108.792      8.345     0.980
             S20N-S20H    103.498      7.022     1.000
             L43N-L43H    124.499      8.823     1.000
             V70N-V70H    127.188      9.194     1.000
             L67N-L67H    127.609      9.409     1.000
             T12N-T12H    120.707      8.648     1.000
             E64N-E64H    114.573      9.301     1.000
             N60N-N60H    116.089      8.142     1.000
             L50N-L50H    125.745      8.540     1.000
                   ?-?    110.210      7.649 
             I23N-I23H    121.362      8.526     1.000
             I61N-I61H    118.964      7.239     1.000
             A28N-A28H    123.609      7.985     1.000
             E34N-E34H    114.292      8.715     1.000
             T55N-T55H    108.868      8.805     1.000
             D58N-D58H    124.601      7.928     1.000
             G47N-G47H    102.597      8.149     1.000
                   ?-?    111.581      6.809 
                   ?-?    112.186      7.719 
             D52N-D52H    120.437      8.156     1.000
             Q31N-Q31H    123.671      8.541     1.000
             A46N-A46H    132.894      8.915     1.000
             T14N-T14H    121.880      8.743     1.000
             R42N-R42H    123.081      8.508     1.000
             K48N-K48H    122.020      7.976     1.000
             H68N-H68H    118.932      9.233     1.000
                   ?-?    120.518      7.171 
             K63N-K63H    120.648      8.490     1.000
                   ?-?    110.210      6.804 
             E51N-E51H    123.280      8.397     1.000
             D21N-D21H    123.940      8.041     1.000
             V26N-V26H    122.209      8.092     1.000
             K27N-K27H    119.050      8.543     1.000
                   ?-?    111.112      7.663 
                   ?-?    111.112      6.749 
                   ?-?    125.388      8.315 
               K6N-K6H    127.821      8.868     1.000
                   ?-?    120.409      8.549 
                   ?-?    112.503      7.277 
             S57N-S57H    113.594      8.470     1.000
             Q49N-Q49H    122.917      8.634     1.000
                   ?-?    120.481      7.227 
             F45N-F45H    125.412      8.833     1.000
               F4N-F4H    118.521      8.593     1.000
             G35N-G35H    108.951      8.499     1.000
             E16N-E16H    122.532      8.121     1.000
             S65N-S65H    115.034      7.657     1.000
             E24N-E24H    111.581      7.541     1.000
             N25N-N25H    121.370      7.918     1.000
               V5N-V5H    121.322      9.301     1.000
               T7N-T7H    115.587      8.733     1.000
             K29N-K29H    120.305      7.851     1.000
             G75N-G75H    110.479      8.518     1.000
             L15N-L15H    125.157      8.717     1.000
             K33N-K33H    115.568      7.415     1.000
             D32N-D32H    119.843      8.016     1.000
             R72N-R72H    123.910      8.623     1.000
             G10N-G10H    109.276      7.807     1.000
                   ?-?    112.504      6.811 
             L69N-L69H    124.283      8.303     1.000
                   ?-?    109.996      7.832 
             D39N-D39H    113.736      8.529     1.000
             Y59N-Y59H    115.842      7.242     1.000
                   ?-?    112.569      7.673 
               L8N-L8H    121.459      9.113     1.000
                   ?-?    119.967      8.559 
             Q41N-Q41H    118.121      7.478     1.000
             E18N-E18H    119.328      8.640     1.000
                   ?-?    121.446      7.033 
                   ?-?    120.812      7.294 
               I3N-I3H    115.373      8.287     1.000
             I30N-I30H    121.418      8.270     1.000
             Q62N-Q62H    125.034      7.621     1.000
             L71N-L71H    123.306      8.140     1.000
             I44N-I44H    122.279      9.052     1.000
               T9N-T9H    105.978      7.635     1.000
             T66N-T66H    117.468      8.739     1.000
