            Assignment         w1         w2   Probability     
 
               L5N-L5H    120.397      7.924     1.000
               E6N-E6H    118.147      8.569     1.000
               K7N-K7H    120.583      7.970     1.000
               E8N-E8H    122.758      7.815     1.000
               I9N-I9H    119.465      8.288     1.000
             L12N-L12H    121.999      8.556     1.000
             E13N-E13H    118.507      8.903     1.000
             K14N-K14H    120.614      7.786     1.000
             E15N-E15H    122.509      7.863     1.000
             I16N-I16H    119.801      8.464     1.000
             L19N-L19H    120.245      8.232     1.000
             E20N-E20H    119.419      8.769     1.000
             K21N-K21H    117.950      7.543     1.000
             M22N-M22H    117.201      7.565     1.000
