            Assignment         w1         w2         w3   Probability     
 
       I36N-G35CA-I36H    120.352     46.008      6.130     1.000
       D58N-D58CB-D58H    124.565     40.357      7.928     1.000
       E18N-V17CA-E18H    119.331     58.462      8.638     1.000
       V70N-L69CA-V70H    127.119     53.808      9.192     1.000
       K29N-K29CB-K29H    120.333     33.328      7.853     1.000
       L71N-L71CA-L71H    123.196     54.161      8.136     1.000
       L56N-L56CB-L56H    118.089     40.300      8.134     1.000
       S57N-L56CA-S57H    113.625     58.659      8.472     1.000
       K63N-Q62CB-K63H    120.633     31.585      8.492     1.000
       V26N-V26CA-V26H    122.175     67.598      8.093     1.000
       L15N-T14CA-L15H    125.142     62.047      8.720     1.000
       A28N-K27CB-A28H    123.566     33.671      7.983     1.000
       L71N-V70CA-L71H    123.269     60.664      8.138     1.000
       Q31N-Q31CA-Q31H    123.635     60.019      8.542     1.000
          Q2N-M1CB-Q2H    123.005     33.120      8.944     1.000
       L43N-L43CA-L43H    124.528     53.040      8.826     1.000
       K27N-V26CA-K27H    119.005     67.593      8.542     1.000
       I36N-I36CB-I36H    120.376     40.499      6.130     1.000
          K6N-K6CB-K6H    127.799     34.425      8.874     1.000
       I13N-T12CB-I13H    127.722     69.723      9.508     1.000
       I44N-I44CA-I44H    122.290     58.927      9.056     1.000
       A46N-A46CB-A46H    132.870     16.527      8.924     1.000
       T66N-T66CA-T66H    117.455     62.443      8.738     1.000
       Q41N-Q40CA-Q41H    118.114     55.617      7.478     1.000
          F4N-F4CB-F4H    118.525     41.430      8.595     1.000
          L8N-L8CA-L8H    121.447     57.545      9.116     1.000
          V5N-F4CA-V5H    121.372     55.163      9.301     1.000
       A28N-K27CA-A28H    123.583     59.200      7.984     1.000
       L69N-L69CB-L69H    124.235     44.264      8.300     1.000
       Q31N-I30CB-Q31H    123.635     36.851      8.541     1.000
       F45N-I44CA-F45H    125.401     58.911      8.837     1.000
       L73N-L73CA-L73H    124.496     55.125      8.369     1.000
                 ?-?-?    118.121     55.692      7.473 
       I61N-I61CB-I61H    118.925     36.877      7.238     1.000
       H68N-L67CA-H68H    118.965     53.770      9.233     1.000
       T55N-R54CB-T55H    108.822     32.689      8.807     1.000
       R42N-R42CA-R42H    123.070     55.138      8.505     1.000
                 ?-?-?    115.368     58.277      8.288 
       T55N-T55CB-T55H    108.823     72.318      8.807     1.000
          T9N-L8CB-T9H    105.988     41.962      7.633     1.000
       L15N-L15CA-L15H    125.143     52.758      8.721     1.000
       K63N-Q62CA-K63H    120.595     53.623      8.491     1.000
       L67N-T66CB-L67H    127.622     70.094      9.408     1.000
          T7N-K6CA-T7H    115.584     54.615      8.735     1.000
       L67N-T66CA-L67H    127.617     62.451      9.409     1.000
       T14N-T14CA-T14H    121.870     62.042      8.744     1.000
       K29N-A28CA-K29H    120.337     55.383      7.853     1.000
          V5N-V5CB-V5H    121.366     34.251      9.300     1.000
       G35N-E34CB-G35H    108.975     33.200      8.500     1.000
       Q31N-I30CA-Q31H    123.640     66.058      8.542     1.000
       I30N-I30CB-I30H    121.433     36.820      8.270     1.000
          T9N-T9CB-T9H    105.985     69.027      7.634     1.000
       S57N-S57CB-S57H    113.631     62.529      8.471     1.000
       S65N-S65CA-S65H    115.050     60.904      7.657     1.000
                 ?-?-?    115.314     47.843      8.286 
       V26N-N25CA-V26H    122.170     55.943      8.093     1.000
       D39N-P38CB-D39H    113.735     32.830      8.529     1.000
          L8N-T7CA-L8H    121.443     60.468      9.116     1.000
       K48N-K48CB-K48H    122.018     34.454      7.974     1.000
       D21N-S20CB-D21H    123.981     63.433      8.043     1.000
       L50N-L50CA-L50H    125.741     54.230      8.542     1.000
       S57N-L56CB-S57H    113.643     40.255      8.472     1.000
       K11N-G10CA-K11H    121.989     45.356      7.261     1.000
       K11N-K11CA-K11H    121.986     56.344      7.261     1.000
          T7N-K6CB-T7H    115.578     34.543      8.734     1.000
          Q2N-Q2CB-Q2H    123.016     30.642      8.945     1.000
       V70N-V70CB-V70H    127.101     34.849      9.192     1.000
       E16N-E16CB-E16H    122.520     29.798      8.121     1.000
       D58N-S57CB-D58H    124.574     62.521      7.927     1.000
       I44N-L43CB-I44H    122.258     45.811      9.056     1.000
       R74N-R74CB-R74H    122.042     30.920      8.451     1.000
       L15N-T14CB-L15H    125.144     69.575      8.720     1.000
          L8N-L8CB-L8H    121.450     41.955      9.115     1.000
       K29N-K29CA-K29H    120.329     59.777      7.853     1.000
                 ?-?-?    108.758     45.227      8.345 
       E34N-E34CA-E34H    114.301     55.332      8.715     1.000
       R42N-R42CB-R42H    123.064     31.685      8.505     1.000
       L43N-R42CB-L43H    124.511     31.812      8.826     1.000
       H68N-H68CB-H68H    118.970     31.493      9.233     1.000
       T12N-T12CA-T12H    120.707     62.402      8.649     1.000
       D58N-S57CA-D58H    124.587     61.011      7.929     1.000
       T12N-K11CA-T12H    120.710     56.250      8.650     1.000
       S20N-S20CB-S20H    103.474     63.376      7.021     1.000
       K63N-K63CA-K63H    120.635     57.880      8.492     1.000
       E16N-L15CA-E16H    122.509     52.764      8.122     1.000
       R72N-L71CB-R72H    123.926     42.839      8.622     1.000
       L15N-L15CB-L15H    125.155     46.946      8.720     1.000
       H68N-L67CB-H68H    118.969     44.353      9.233     1.000
                 ?-?-?    125.403     29.768      8.310 
       D32N-D32CB-D32H    119.861     40.970      8.017     1.000
                 ?-?-?    108.947     44.642      8.505 
       K11N-K11CB-K11H    121.981     33.403      7.260     1.000
       T12N-K11CB-T12H    120.703     33.397      8.649     1.000
          I3N-Q2CA-I3H    115.207     55.150      8.293     1.000
       E64N-K63CB-E64H    114.609     32.600      9.303     1.000
       N25N-E24CA-N25H    121.385     60.643      7.920     1.000
       V17N-E16CA-V17H    117.560     54.868      8.926     1.000
       Q49N-K48CB-Q49H    122.942     34.422      8.635     1.000
       S65N-E64CA-S65H    115.057     58.264      7.659     1.000
       G10N-G10CA-G10H    109.251     45.362      7.809     1.000
       E18N-V17CB-E18H    119.355     36.448      8.640     1.000
       Q49N-Q49CB-Q49H    122.951     29.138      8.635     1.000
       T14N-I13CA-T14H    121.865     59.991      8.743     1.000
       N60N-Y59CB-N60H    116.101     40.017      8.140     1.000
       K48N-G47CA-K48H    122.005     45.357      7.974     1.000
       G47N-A46CB-G47H    102.556     16.529      8.146     1.000
       D21N-D21CB-D21H    123.993     40.899      8.043     1.000
       A28N-A28CB-A28H    123.578     17.734      7.984     1.000
       S20N-S20CA-S20H    103.477     57.405      7.021     1.000
       K48N-K48CA-K48H    122.021     54.634      7.974     1.000
       A46N-A46CA-A46H    132.875     52.554      8.924     1.000
       D21N-S20CA-D21H    123.984     57.407      8.044     1.000
       Q40N-Q40CB-Q40H    116.982     30.173      7.814     1.000
       T66N-S65CA-T66H    117.436     60.933      8.737     1.000
       D58N-D58CA-D58H    124.586     57.417      7.928     1.000
       K27N-K27CA-K27H    119.005     59.208      8.542     1.000
       H68N-H68CA-H68H    118.965     55.621      9.233     1.000
       K27N-K27CB-K27H    119.007     33.693      8.542     1.000
                 ?-?-?    125.411     38.697      8.311 
       I61N-I61CA-I61H    118.927     62.432      7.238     1.000
       N60N-N60CA-N60H    116.144     54.175      8.139     1.000
       T22N-T22CB-T22H    109.122     71.192      7.878     1.000
       D52N-D52CB-D52H    120.442     40.791      8.158     1.000
       I13N-T12CA-I13H    127.717     62.386      9.509     1.000
       Q62N-Q62CB-Q62H    125.040     31.624      7.622     1.000
       K27N-V26CB-K27H    119.039     30.826      8.542     1.000
       L56N-L56CA-L56H    118.094     58.806      8.134     1.000
                 ?-?-?    125.402     57.091      8.310 
       I61N-N60CA-I61H    118.937     54.188      7.238     1.000
       T55N-T55CA-T55H    108.823     59.717      8.807     1.000
       I23N-T22CB-I23H    121.400     71.168      8.525     1.000
       L67N-L67CB-L67H    127.627     44.341      9.408     1.000
       Q41N-Q40CB-Q41H    118.121     30.137      7.480     1.000
       L50N-Q49CA-L50H    125.729     55.851      8.542     1.000
       I44N-I44CB-I44H    122.264     41.241      9.056     1.000
       V70N-L69CB-V70H    127.114     44.265      9.191     1.000
       R72N-R72CB-R72H    123.951     31.355      8.622     1.000
                 ?-?-?    124.503     47.781      8.369 
       K63N-K63CB-K63H    120.633     32.509      8.492     1.000
          T7N-T7CB-T7H    115.603     70.422      8.735     1.000
       I13N-I13CB-I13H    127.728     40.813      9.509     1.000
       Q41N-Q41CB-Q41H    118.101     31.516      7.477     1.000
       R54N-R54CB-R54H    119.428     32.703      7.453     1.000
       Y59N-Y59CB-Y59H    115.818     40.086      7.240     1.000
          Q2N-Q2CA-Q2H    123.015     54.889      8.944     1.000
       G35N-G35CA-G35H    108.990     46.043      8.499     1.000
       G76N-G76CA-G76H    108.768     47.147      8.346     0.980
                 ?-?-?    118.114     30.114      7.478 
       D39N-D39CA-D39H    113.734     55.823      8.529     1.000
       N60N-Y59CA-N60H    116.094     58.251      8.141     1.000
       Q41N-Q41CA-Q41H    118.109     56.570      7.478     1.000
       L71N-V70CB-L71H    123.255     34.830      8.137     1.000
        G10N-T9CA-G10H    109.250     61.425      7.809     1.000
       L50N-Q49CB-L50H    125.728     29.143      8.541     1.000
                 ?-?-?    125.381     47.767      8.310 
       S65N-S65CB-S65H    115.056     64.873      7.657     1.000
          F4N-I3CA-F4H    118.553     59.609      8.595     1.000
                 ?-?-?    115.366     45.209      8.287 
       F45N-I44CB-F45H    125.405     41.215      8.837     1.000
       I30N-I30CA-I30H    121.433     66.060      8.270     1.000
       N25N-E24CB-N25H    121.372     28.688      7.919     1.000
       N25N-N25CB-N25H    121.394     38.458      7.919     1.000
       I30N-K29CA-I30H    121.417     59.768      8.271     1.000
       T12N-T12CB-T12H    120.728     69.729      8.649     1.000
       S57N-S57CA-S57H    113.624     61.036      8.472     1.000
       R54N-R54CA-R54H    119.428     54.289      7.454     1.000
       S20N-P19CB-S20H    103.461     31.918      7.020     1.000
       I23N-T22CA-I23H    121.394     59.678      8.526     1.000
       L71N-L71CB-L71H    123.280     42.813      8.137     1.000
       T66N-T66CB-T66H    117.451     70.128      8.737     1.000
       D39N-D39CB-D39H    113.732     39.823      8.529     1.000
       L43N-L43CB-L43H    124.540     45.817      8.826     1.000
       D52N-D52CA-D52H    120.442     56.300      8.158     1.000
       R42N-Q41CA-R42H    123.049     56.535      8.505     1.000
       L69N-L69CA-L69H    124.231     53.821      8.300     1.000
       D32N-Q31CB-D32H    119.862     27.724      8.017     1.000
       K33N-K33CB-K33H    115.564     34.090      7.413     1.000
       E51N-L50CB-E51H    123.256     41.399      8.395     1.000
       L50N-L50CB-L50H    125.739     41.406      8.542     1.000
        G10N-T9CB-G10H    109.249     69.032      7.808     1.000
       V70N-V70CA-V70H    127.116     60.676      9.192     1.000
       K33N-K33CA-K33H    115.554     58.077      7.413     1.000
       G47N-G47CA-G47H    102.558     45.363      8.147     1.000
       E64N-E64CA-E64H    114.606     58.081      9.302     1.000
          I3N-Q2CB-I3H    115.221     30.649      8.295     1.000
       T22N-D21CA-T22H    109.130     55.868      7.877     1.000
       E18N-E18CA-E18H    119.345     52.706      8.639     1.000
       L43N-R42CA-L43H    124.511     55.142      8.828     1.000
       E64N-K63CA-E64H    114.601     57.843      9.302     1.000
       Y59N-Y59CA-Y59H    115.816     58.148      7.241     1.000
       I23N-I23CB-I23H    121.371     34.551      8.524     1.000
       Q62N-I61CB-Q62H    125.039     36.645      7.621     1.000
       T66N-S65CB-T66H    117.438     64.869      8.737     1.000
       Q62N-I61CA-Q62H    125.034     62.433      7.622     1.000
       G35N-E34CA-G35H    108.982     55.308      8.500     1.000
       I36N-I36CA-I36H    120.374     57.784      6.130     1.000
          T9N-L8CA-T9H    105.986     57.546      7.634     1.000
       L73N-L73CB-L73H    124.503     42.409      8.369     1.000
       R74N-R74CA-R74H    122.042     56.135      8.451     1.000
       F45N-F45CB-F45H    125.419     43.716      8.837     1.000
          K6N-K6CA-K6H    127.811     54.614      8.875     1.000
       R74N-L73CB-R74H    122.049     42.412      8.450     1.000
       L56N-T55CB-L56H    118.082     72.286      8.133     1.000
       Q62N-Q62CA-Q62H    125.037     53.631      7.622     1.000
       T14N-T14CB-T14H    121.867     69.582      8.744     1.000
       N60N-N60CB-N60H    116.136     37.434      8.139     1.000
       R72N-L71CA-R72H    123.816     54.164      8.622     1.000
       V17N-V17CB-V17H    117.569     36.421      8.926     1.000
       E34N-E34CB-E34H    114.298     33.349      8.715     1.000
       K29N-A28CB-K29H    120.325     17.723      7.854     1.000
          I3N-I3CB-I3H    115.215     42.094      8.295     1.000
       E34N-K33CA-E34H    114.298     58.154      8.715     1.000
       Q40N-Q40CA-Q40H    116.974     55.677      7.814     1.000
       E18N-E18CB-E18H    119.351     30.831      8.639     1.000
       Q31N-Q31CB-Q31H    123.635     27.730      8.542     1.000
       D52N-E51CB-D52H    120.443     31.880      8.158     1.000
       G75N-R74CB-G75H    110.509     30.917      8.517     1.000
       V26N-N25CB-V26H    122.166     38.498      8.093     1.000
       L67N-L67CA-L67H    127.627     53.789      9.408     1.000
          T7N-T7CA-T7H    115.595     60.477      8.735     1.000
       T14N-I13CB-T14H    121.871     40.821      8.744     1.000
       G47N-A46CA-G47H    102.560     52.549      8.147     1.000
       T22N-T22CA-T22H    109.122     59.677      7.877     1.000
       R54N-G53CA-R54H    119.418     45.204      7.453     1.000
       D21N-D21CA-D21H    123.984     55.845      8.044     1.000
       S65N-E64CB-S65H    115.073     25.964      7.660     1.000
       V17N-E16CB-V17H    117.554     29.746      8.926     1.000
       S20N-P19CA-S20H    103.467     65.274      7.021     1.000
       A28N-A28CA-A28H    123.580     55.384      7.984     1.000
       Q40N-D39CB-Q40H    116.958     39.780      7.813     1.000
       G76N-G75CA-G76H    108.758     43.518      8.347     0.980
       D32N-D32CA-D32H    119.863     57.448      8.017     1.000
       I44N-L43CA-I44H    122.275     53.032      9.056     1.000
          F4N-F4CA-F4H    118.531     55.147      8.595     1.000
       E64N-E64CB-E64H    114.603     25.984      9.302     1.000
       I23N-I23CA-I23H    121.366     62.336      8.525     1.000
                 ?-?-?    122.041     47.748      8.452 
          K6N-V5CA-K6H    127.780     60.449      8.874     1.000
       L73N-R72CB-L73H    124.479     31.355      8.369     1.000
                 ?-?-?    123.549     47.773      8.137 
       R72N-R72CA-R72H    123.868     55.498      8.622     1.000
       T22N-D21CB-T22H    109.133     40.894      7.877     1.000
          T9N-T9CA-T9H    105.986     61.422      7.634     1.000
       E51N-E51CA-E51H    123.253     55.924      8.396     1.000
       G75N-R74CA-G75H    110.496     56.176      8.517     1.000
       N25N-N25CA-N25H    121.402     55.988      7.919     1.000
       L69N-H68CB-L69H    124.228     31.488      8.300     1.000
       K33N-D32CB-K33H    115.548     40.963      7.413     1.000
       A46N-F45CA-A46H    132.881     56.677      8.923     1.000
       D32N-Q31CA-D32H    119.870     60.018      8.016     1.000
       V17N-V17CA-V17H    117.575     58.445      8.926     1.000
       T55N-R54CA-T55H    108.851     54.277      8.806     1.000
                 ?-?-?    110.510     45.264      8.517 
       I13N-I13CA-I13H    127.727     59.981      9.509     1.000
       I30N-K29CB-I30H    121.398     33.292      8.270     1.000
       F45N-F45CA-F45H    125.410     56.684      8.837     1.000
          V5N-F4CB-V5H    121.374     41.284      9.301     1.000
          V5N-V5CA-V5H    121.371     60.459      9.301     1.000
       D39N-P38CA-D39H    113.739     66.081      8.529     1.000
          L8N-T7CB-L8H    121.449     70.422      9.116     1.000
       A46N-F45CB-A46H    132.880     43.705      8.923     1.000
                 ?-?-?    115.372     63.753      8.288 
