               Assignment         w1         w2         w3   Probability     
 
                    ?-?-?    132.808      5.086      8.827 
          K33N-D32HA-K33H    116.326      4.282      7.363     0.814
                    ?-?-?    102.545      3.664      8.223 
          F45N-I44HB-F45H    125.317      1.672      8.835     1.000
          E34N-K33HA-E34H    114.311      4.274      8.713     1.000
          R42N-Q41HA-R42H    123.078      4.180      8.503     1.000
         D21N-S20HB2-D21H    123.958      4.111      8.041     1.000
                    ?-?-?    122.916      4.608      8.700 
         G75N-R74HB3-G75H    110.476      1.775      8.516     1.000
            V5N-F4HB3-V5H    121.332      2.827      9.299     0.866
          R72N-L71HA-R72H    123.907      4.981      8.621     1.000
             Q2N-M1HA-Q2H    123.031      4.181      8.943     1.000
         A28N-K27HB2-A28H    123.593      1.966      7.981     1.000
         T12N-K11HB2-T12H    120.712      1.703      8.647     1.000
          L56N-T55HB-L56H    118.103      4.503      8.132     1.000
          Q62N-I61HA-Q62H    125.029      3.332      7.619     1.000
          Q49N-K48HA-Q49H    122.937      4.565      8.633     1.000
         S65N-E64HB3-S65H    115.031      2.497      7.655     0.769
          L71N-V70HA-L71H    123.273      4.320      8.135     1.000
          Q31N-I30HB-Q31H    123.664      2.315      8.539     1.000
          D58N-S57HA-D58H    124.588      4.205      7.926     1.000
          G75N-R74HA-G75H    110.473      4.293      8.516     1.000
                    ?-?-?    111.189      2.749      7.539 
          I61N-N60HA-I61H    118.935      4.309      7.236     0.555
         E16N-L15HB2-E16H    122.527      1.161      8.120     1.000
          L73N-R72HA-L73H    124.482      4.248      8.367     1.000
         V26N-N25HB2-V26H    122.187      2.825      8.091     1.000
                    ?-?-?    111.906      2.284      6.814 
             K6N-V5HA-K6H    127.869      4.704      8.935     1.000
          E18N-V17HB-E18H    119.318      2.282      8.638     1.000
         G76N-G75HA2-G76H    108.788      3.950      8.343     0.980
                    ?-?-?    119.987      4.499      8.596 
                    ?-?-?    119.999      3.020      8.550 
         R72N-L71HB3-R72H    123.914      1.483      8.620     1.000
                    ?-?-?    125.912      4.337      7.863 
                    ?-?-?    108.833      3.950      8.489 
                    ?-?-?    120.447      4.351      8.544 
          L56N-T55HA-L56H    118.106      5.193      8.132     1.000
         T66N-S65HB3-T66H    117.463      3.588      8.736     1.000
                    ?-?-?    122.884      1.908      8.701 
          H68N-L67HA-H68H    118.986      5.040      9.231     0.831
         D39N-P38HB3-D39H    113.733      1.993      8.527     1.000
                    ?-?-?    125.433      4.510      8.978 
             I3N-Q2HA-I3H    115.190      5.242      8.291     1.000
            I3N-Q2HB2-I3H    115.195      1.807      8.291     1.000
         D39N-P38HB2-D39H    113.730      2.199      8.527     0.529
         A46N-F45HB3-A46H    132.900      2.767      8.921     1.000
                    ?-?-?    108.334      4.340      8.819 
         E51N-L50HB3-E51H    123.278      0.964      8.393     1.000
                    ?-?-?    112.036      4.295      8.523 
                    ?-?-?    115.313      5.503      8.698 
                    ?-?-?    124.003      5.058      8.678 
                    ?-?-?    129.695      4.730      9.229 
                    ?-?-?    108.805      3.955      8.120 
          D21N-S20HA-D21H    123.957      4.317      8.041     0.887
                    ?-?-?    115.392      3.948      8.286 
          T66N-S65HA-T66H    117.473      4.584      8.736     1.000
          I30N-K29HA-I30H    121.404      4.157      8.269     0.685
                    ?-?-?    111.185      3.262      7.538 
          I44N-L43HA-I44H    122.261      5.312      9.054     1.000
          K29N-A28HB-K29H    120.291      1.586      7.850     1.000
                    ?-?-?    124.964      4.197      8.001 
                    ?-?-?    115.400      3.946      8.068 
          Q62N-I61HB-Q62H    125.029      1.351      7.619     1.000
             K6N-V5HB-K6H    127.818      1.865      8.873     1.000
         D58N-S57HB2-D58H    124.578      3.752      7.926     1.000
         I61N-N60HB3-I61H    118.936      2.752      7.236     1.000
         E51N-L50HB2-E51H    123.261      1.442      8.394     1.000
                    ?-?-?    114.920      3.244      7.546 
         Q40N-D39HB3-Q40H    116.988      2.683      7.812     1.000
             F4N-I3HA-F4H    118.526      4.110      8.593     1.000
            T7N-K6HB3-T7H    115.570      1.328      8.733     0.793
            T9N-L8HB2-T9H    105.965      1.712      7.632     1.000
                    ?-?-?    120.694      3.084      8.794 
                    ?-?-?    124.757      4.406      8.094 
            T7N-K6HB2-T7H    115.569      1.638      8.733     1.000
                    ?-?-?    119.999      3.128      8.550 
                    ?-?-?    121.101      3.655      8.146 
         R54N-G53HA2-R54H    119.414      4.013      7.451     1.000
         E64N-K63HB3-E64H    114.580      1.849      9.301     0.683
         H68N-L67HB2-H68H    118.988      1.588      9.231     0.596
          K29N-A28HA-K29H    120.293      4.111      7.850     1.000
           G10N-T9HB-G10H    109.273      4.548      7.806     1.000
         E34N-K33HB2-E34H    114.310      1.981      8.713     1.000
                    ?-?-?    125.378      3.166      8.308 
          L67N-T66HA-L67H    127.616      5.234      9.407     1.000
                    ?-?-?    112.192      2.190      7.675 
                    ?-?-?    120.546      3.089      8.717 
         D32N-Q31HB2-D32H    119.839      2.452      8.015     1.000
          N25N-E24HA-N25H    121.363      3.844      7.918     1.000
         A46N-F45HB2-A46H    132.904      2.978      8.921     1.000
         I36N-G35HA3-I36H    120.329      3.872      6.128     1.000
         Q41N-Q40HB2-Q41H    118.112      2.413      7.476     1.000
                    ?-?-?    125.696      3.359      7.814 
          Y59N-D58HA-Y59H    115.812      4.238      7.239     1.000
             V5N-F4HA-V5H    121.333      5.599      9.299     1.000
          E18N-V17HA-E18H    119.320      4.659      8.638     1.000
                    ?-?-?    114.995      3.729      9.202 
                    ?-?-?    125.376      4.601      8.308 
                    ?-?-?    118.773      3.551      8.424 
         N60N-Y59HB2-N60H    116.096      2.489      8.139     1.000
          K27N-V26HA-K27H    119.037      3.344      8.540     1.000
         K48N-G47HA2-K48H    122.014      4.047      7.972     0.724
          I23N-T22HA-I23H    121.348      4.845      8.523     0.537
                    ?-?-?    120.700      4.613      8.794 
         S20N-P19HB2-S20H    103.463      2.396      7.019     1.000
          K33N-D32HA-K33H    115.550      4.294      7.411     0.814
                    ?-?-?    119.990      4.615      8.550 
                    ?-?-?    124.946      3.758      8.001 
          V26N-N25HA-V26H    122.187      4.499      8.091     1.000
          D32N-Q31HA-D32H    119.905      3.772      8.057     1.000
          S20N-P19HA-S20H    103.470      4.080      7.019     1.000
         K63N-Q62HB2-K63H    120.655      2.204      8.490     1.000
                    ?-?-?    120.436      3.735      8.544 
          E51N-L50HA-E51H    123.276      4.037      8.394     1.000
                    ?-?-?    118.555      3.952      8.345 
          E24N-I23HA-E24H    111.183      4.311      7.539     1.000
         S57N-L56HB2-S57H    113.585      2.067      8.470     1.000
                    ?-?-?    103.094      4.101      6.936 
          G47N-A46HB-G47H    102.580      0.835      8.145     0.680
                    ?-?-?    111.849      2.198      7.726 
          Q40N-D39HA-Q40H    116.989      4.368      7.812     0.892
          L71N-V70HB-L71H    123.277      1.977      8.135     0.776
                    ?-?-?    125.049      3.172      8.230 
          G47N-A46HA-G47H    102.579      3.655      8.145     0.571
          T55N-R54HA-T55H    108.856      4.673      8.805     1.000
                    ?-?-?    123.755      4.410      9.316 
                    ?-?-?    126.799      4.543      8.890 
         L43N-R42HB2-L43H    124.526      1.619      8.824     1.000
         E64N-K63HB2-E64H    114.585      2.012      9.300     1.000
                    ?-?-?    121.979      4.952      9.165 
         I30N-K29HB3-I30H    121.395      1.896      8.269     1.000
         K11N-G10HA2-K11H    121.972      4.299      7.259     0.606
         V70N-L69HB2-V70H    127.109      1.573      9.190     1.000
             T9N-L8HA-T9H    105.969      4.258      7.632     1.000
                    ?-?-?    133.955      3.951      8.309 
                    ?-?-?    115.451      5.190      8.383 
          A46N-F45HA-A46H    132.901      5.079      8.921     1.000
          D32N-Q31HA-D32H    119.840      3.772      8.015     1.000
         D52N-E51HB2-D52H    120.440      2.177      8.156     1.000
            T9N-L8HB3-T9H    105.971      1.891      7.632     1.000
         Q41N-Q40HB3-Q41H    118.117      1.788      7.476     1.000
                    ?-?-?    111.231      3.956      8.341 
                    ?-?-?    111.997      2.198      6.851 
                    ?-?-?    126.830      3.169      8.314 
         I36N-G35HA2-I36H    120.332      4.088      6.127     0.505
                    ?-?-?    115.465      3.951      8.207 
                    ?-?-?    121.899      4.482      8.263 
                    ?-?-?    112.939      3.945      8.285 
          I13N-T12HB-I13H    127.735      3.902      9.507     1.000
          L69N-H68HA-L69H    124.244      5.111      8.298     1.000
             F4N-I3HB-F4H    118.536      1.727      8.593     1.000
                    ?-?-?    115.576      3.993      8.369 
         R74N-L73HB2-R74H    122.056      1.546      8.448     1.000
         T66N-S65HB2-T66H    117.474      3.851      8.736     1.000
          E16N-L15HA-E16H    122.517      4.715      8.120     1.000
         I44N-L43HB2-I44H    122.257      1.522      9.054     1.000
         I44N-L43HB3-I44H    122.263      1.104      9.054     1.000
                    ?-?-?    123.963      4.109      8.542 
          L15N-T14HA-L15H    125.156      4.924      8.719     1.000
                    ?-?-?    120.513      4.590      8.720 
         A28N-K27HB3-A28H    123.596      1.396      7.982     1.000
          N60N-Y59HA-N60H    116.100      4.609      8.139     1.000
          K63N-Q62HA-K63H    120.647      4.431      8.490     1.000
          L50N-Q49HA-L50H    125.740      4.499      8.539     1.000
                    ?-?-?    124.767      3.805      8.094 
          R74N-L73HA-R74H    122.056      4.336      8.448     1.000
                    ?-?-?    118.862      4.307      7.511 
         V17N-E16HB3-V17H    117.580      1.830      8.925     1.000
             T7N-K6HA-T7H    115.574      5.271      8.733     1.000
         Q49N-K48HB2-Q49H    122.941      1.855      8.633     1.000
         T55N-R54HB2-T55H    108.853      2.203      8.804     1.000
         V70N-L69HB3-V70H    127.103      1.061      9.190     1.000
          T14N-I13HB-T14H    121.839      1.830      8.741     1.000
                    ?-?-?    125.044      4.640      8.231 
          K27N-V26HB-K27H    119.043      2.304      8.540     1.000
          D39N-P38HA-D39H    113.731      4.066      8.527     1.000
         N60N-Y59HB3-N60H    116.096      3.417      8.139     0.621
             K6N-V5HA-K6H    127.820      4.726      8.873     1.000
                    ?-?-?    110.531      2.368      6.748 
         N25N-E24HB2-N25H    121.368      1.993      7.918     1.000
                    ?-?-?    123.878      4.548      8.059 
                    ?-?-?    108.784      3.950      8.569 
                    ?-?-?    121.973      4.074      7.020 
         Y59N-D58HB2-Y59H    115.814      2.964      7.239     1.000
                    ?-?-?    124.399      3.482      7.649 
         T55N-R54HB3-T55H    108.853      2.040      8.804     1.000
         D21N-S20HB3-D21H    123.967      3.742      8.041     1.000
                    ?-?-?    107.188      3.953      8.339 
                    ?-?-?    108.895      3.953      8.433 
                    ?-?-?    120.733      3.915      8.295 
                    ?-?-?    114.801      3.364      7.523 
                    ?-?-?    120.649      3.101      8.676 
         G35N-E34HB2-G35H    108.947      1.644      8.498     1.000
          Q41N-Q40HA-Q41H    118.110      4.420      7.476     1.000
          Q31N-I30HA-Q31H    123.663      3.457      8.540     0.777
                    ?-?-?    118.922      3.252      7.511 
                    ?-?-?    115.438      3.952      8.144 
         L73N-R72HB2-L73H    124.484      1.721      8.367     1.000
                    ?-?-?    123.216      4.385      8.797 
         L73N-R72HB3-L73H    124.488      1.492      8.367     1.000
                    ?-?-?    117.869      3.951      8.284 
          T22N-D21HA-T22H    109.111      4.640      7.875     1.000
            V5N-F4HB2-V5H    121.330      3.004      9.299     1.000
         L69N-H68HB2-L69H    124.244      2.893      8.298     1.000
         T22N-D21HB2-T22H    109.112      2.898      7.875     0.592
          G35N-E34HA-G35H    108.945      4.533      8.497     1.000
         E16N-L15HB3-E16H    122.525      1.320      8.120     1.000
                    ?-?-?    120.645      4.614      8.676 
                    ?-?-?    121.102      0.834      8.146 
                    ?-?-?    114.708      5.246      8.204 
         K48N-G47HA3-K48H    122.015      3.402      7.972     1.000
          I13N-T12HA-I13H    127.734      4.988      9.507     1.000
          S57N-L56HA-S57H    113.578      4.014      8.470     1.000
         S57N-L56HB3-S57H    113.589      1.161      8.470     1.000
          A28N-K27HA-A28H    123.598      4.543      7.981     1.000
         V26N-N25HB3-V26H    122.183      3.170      8.091     1.000
          T12N-K11HA-T12H    120.708      4.300      8.647     1.000
         G35N-E34HB3-G35H    108.950      2.218      8.497     1.000
         I30N-K29HB2-I30H    121.413      2.101      8.269     1.000
         G76N-G75HA2-G76H    108.900      3.952      8.263     0.980
                    ?-?-?    118.627      3.339      8.432 
          V17N-E16HA-V17H    117.579      4.845      8.925     1.000
                    ?-?-?    114.550      3.915      9.171 
                    ?-?-?    102.564      0.851      8.222 
          S65N-E64HA-S65H    115.031      3.309      7.655     0.685
         S20N-P19HB3-S20H    103.468      1.963      7.019     1.000
          L67N-T66HB-L67H    127.619      4.036      9.406     0.752
         S65N-E64HB2-S65H    115.030      2.388      7.655     0.662
                    ?-?-?    120.462      4.126      7.973 
                    ?-?-?    120.442      1.581      7.972 
             L8N-T7HA-L8H    121.427      4.878      9.113     1.000
                    ?-?-?    125.404      4.604      8.164 
                    ?-?-?    124.453      4.256      7.626 
          Q40N-D39HA-Q40H    117.016      4.360      7.876     0.892
         Y59N-D58HB3-Y59H    115.815      2.235      7.239     1.000
         L50N-Q49HB2-L50H    125.746      1.939      8.539     0.825
          R74N-L73HA-R74H    122.135      4.343      8.374     1.000
            I3N-Q2HB3-I3H    115.192      1.584      8.291     1.000
                    ?-?-?    120.642      4.460      8.206 
          L43N-R42HA-L43H    124.504      4.438      8.824     1.000
                    ?-?-?    113.309      3.959      8.345 
          D52N-E51HA-D52H    120.434      4.453      8.156     1.000
                    ?-?-?    115.065      3.921      7.940 
          L15N-T14HB-L15H    125.160      3.996      8.718     0.594
          E64N-K63HA-E64H    114.589      3.932      9.301     1.000
                    ?-?-?    125.619      4.622      8.457 
         K33N-D32HB3-K33H    115.549      2.759      7.411     0.636
                    ?-?-?    124.742      4.433      8.747 
         E34N-K33HB3-E34H    114.312      1.800      8.713     1.000
          T14N-I13HA-T14H    121.836      4.472      8.741     1.000
                    ?-?-?    108.839      3.952      8.200 
         D52N-E51HB3-D52H    120.441      1.921      8.156     1.000
         K11N-G10HA3-K11H    121.972      3.563      7.259     1.000
                    ?-?-?    110.768      2.370      7.663 
          V70N-L69HA-V70H    127.108      5.138      9.190     1.000
            Q2N-M1HB2-Q2H    123.029      2.052      8.943     1.000
         T22N-D21HB3-T22H    109.107      2.468      7.875     0.831
                    ?-?-?    110.166      4.684      7.997 
         R72N-L71HB2-R72H    123.904      1.638      8.621     1.000
         R42N-Q41HB2-R42H    123.080      1.881      8.503     1.000
         K63N-Q62HB3-K63H    120.652      1.846      8.490     1.000
                    ?-?-?    112.127      2.282      7.276 
          F45N-I44HA-F45H    125.380      4.909      8.835     0.828
                    ?-?-?    117.059      4.968      9.009 
         I61N-N60HB2-I61H    118.934      3.265      7.236     0.526
           G10N-T9HA-G10H    109.269      4.377      7.806     1.000
                    ?-?-?    111.834      1.841      7.726 
         D32N-Q31HB3-D32H    119.838      1.929      8.015     1.000
