          Assignment         w1         w2   Probability     
 
        E34CG-E34HG3     36.286      2.135     1.000
       T14CG2-T14HG2     21.805      1.104     1.000
         I3CG2-I3HG2     17.844      0.597     1.000
         I44CB-I44HB     41.200      1.687     1.000
        P38CG-P38HG2     27.688      1.603     1.000
         I36CB-I36HB     40.504      1.389     1.000
      I61CG1-I61HG12     28.228      1.079     1.000
          K6CE-K6HE2     41.964      2.876     0.837
           T9CB-T9HB     69.081      4.556     1.000
                 ?-?     42.926      3.046 
       L50CD2-L50HD2     19.609     -0.186     1.000
         V26CB-V26HB     30.766      2.318     1.000
        Q41CG-Q41HG3     33.508      2.493     1.000
         T55CA-T55HA     59.716      5.207     1.000
         T14CA-T14HA     62.080      4.941     1.000
         V70CA-V70HA     60.693      4.333     1.000
        G10CA-G10HA2     45.363      4.308     0.606
       L43CD1-L43HD1     26.396      0.733     1.000
         L69CA-L69HA     53.853      5.151     1.000
        R72CD-R72HD2     43.470      3.110     1.000
        P38CD-P38HD2     51.130      3.722     0.805
                 ?-?     42.484      3.150 
         V70CB-V70HB     34.828      1.989     0.776
         I3CD1-I3HD1     14.023      0.555     1.000
        K48CE-K48HE2     42.265      3.139     1.000
         N60CA-N60HA     54.164      4.324     0.555
        Q40CB-Q40HB3     30.135      1.797     1.000
        K11CG-K11HG2     25.109      1.383     1.000
         T14CB-T14HB     69.635      4.011     0.594
        Q62CB-Q62HB2     31.621      2.221     1.000
       V17CG2-V17HG2     19.569      0.395     1.000
        E64CB-E64HB2     25.983      2.388     0.662
      I13CG1-I13HG12     26.953      1.420     1.000
        K48CD-K48HD2     29.178      1.818     1.000
        I3CG1-I3HG12     24.966      1.023     1.000
           I3CA-I3HA     59.623      4.130     1.000
         I23CB-I23HB     34.604      2.210     0.415
         L56CA-L56HA     58.676      4.031     1.000
        N60CB-N60HB3     37.393      2.766     1.000
       T22CG2-T22HG2     22.245      1.234     1.000
         L73CG-L73HG     27.072      1.623     1.000
         V17CA-V17HA     58.445      4.675     1.000
         R74CA-R74HA     56.188      4.309     1.000
                 ?-?     30.915      1.741 
        Q40CB-Q40HB2     30.128      2.428     1.000
        R54CB-R54HB2     32.777      2.213     1.000
        G35CA-G35HA2     46.046      4.106     0.505
         P38CA-P38HA     66.153      4.083     1.000
                 ?-?     25.020      1.430 
        L43CB-L43HB3     45.739      1.118     1.000
        E51CG-E51HG2     36.374      2.306     1.000
        D58CB-D58HB2     40.316      2.980     1.000
         T22CA-T22HA     59.682      4.875     0.537
         I13CA-I13HA     60.030      4.487     1.000
        R42CB-R42HB2     31.771      1.607     1.000
         Q62CA-Q62HA     53.625      4.450     1.000
         E64CA-E64HA     58.330      3.320     0.685
        P38CG-P38HG3     27.681      2.161     1.000
        E34CB-E34HB2     33.377      1.670     1.000
          M1CB-M1HB2     33.110      2.093     1.000
         R72CA-R72HA     55.537      4.264     1.000
        K11CB-K11HB3     33.382      1.775     1.000
         E18CA-E18HA     52.752      5.044     1.000
                 ?-?     23.620      0.803 
       L56CD2-L56HD2     23.097      0.591     1.000
      I30CG1-I30HG13     31.134      0.650     1.000
        R42CG-R42HG3     26.791      1.388     1.000
         Q41CA-Q41HA     56.653      4.193     1.000
         T66CA-T66HA     62.476      5.249     1.000
       L73CD1-L73HD1     24.966      0.877     1.000
          F4CB-F4HB3     41.259      2.851     0.866
        D32CB-D32HB3     40.987      2.733     0.636
        I3CG1-I3HG12     25.166      1.024     1.000
        Q31CG-Q31HG3     33.832      1.898     1.000
         F45CA-F45HA     56.695      5.095     1.000
        L56CB-L56HB2     40.563      2.090     1.000
        K48CB-K48HB2     34.614      1.870     1.000
       I13CD1-I13HD1     14.436      0.694     1.000
       V26CG1-V26HG1     21.487      0.664     1.000
        P37CB-P37HB2     31.823      2.394     0.643
         Q31CA-Q31HA     60.053      3.787     1.000
       I13CG2-I13HG2     17.752      0.847     1.000
         K33CA-K33HA     58.189      4.289     1.000
         I13CB-I13HB     40.781      1.842     1.000
         L67CG-L67HG     29.490      1.744     1.000
        R54CD-R54HD2     42.928      3.114     1.000
          Q2CB-Q2HB2     30.620      1.827     1.000
          M1CB-M1HB2     33.113      2.041     1.000
         L71CA-L71HA     53.997      5.000     1.000
        P19CG-P19HG2     27.999      2.183     1.000
        E18CG-E18HG3     35.002      2.202     1.000
           K6CA-K6HA     54.595      5.284     1.000
        K63CB-K63HB2     32.612      2.027     1.000
         E24CA-E24HA     60.674      3.859     1.000
        R72CB-R72HB3     31.299      1.508     1.000
         K27CA-K27HA     59.212      4.558     1.000
                 ?-?     27.126      1.559 
        P38CB-P38HB3     32.816      2.009     1.000
        R42CD-R42HD3     43.660      3.020     1.000
        K63CD-K63HD2     29.830      1.704     1.000
         E34CA-E34HA     55.327      4.548     1.000
        R54CG-R54HG2     27.410      1.583     1.000
         N25CA-N25HA     56.017      4.514     1.000
       V17CG1-V17HG1     22.198      0.678     1.000
         Q40CA-Q40HA     55.628      4.435     1.000
        R42CG-R42HG2     26.985      1.359     1.000
         R54CA-R54HA     54.316      4.688     1.000
       L71CD2-L71HD2     23.586      0.833     1.000
         T12CA-T12HA     62.409      5.006     1.000
        K48CG-K48HG2     24.500      1.488     1.000
        Q49CB-Q49HB2     29.087      1.955     0.825
                 ?-?     25.026      0.939 
       L71CD2-L71HD2     23.742      0.827     1.000
        D58CB-D58HB3     40.317      2.248     1.000
                 ?-?     12.669      0.644 
           L8CA-L8HA     57.534      4.272     1.000
        K29CD-K29HD2     30.231      1.423     1.000
        K29CE-K29HE3     42.484      2.953     1.000
         L69CG-L69HG     27.585      1.295     1.000
       L56CD1-L56HD1     26.798      0.722     0.507
        G10CA-G10HA3     45.369      3.582     1.000
           Q2CA-Q2HA     55.126      5.256     1.000
         L15CA-L15HA     52.775      4.732     1.000
       I36CD1-I36HD1     17.708      0.901     1.000
         L8CD2-L8HD2     24.059      0.971     1.000
                 ?-?     62.358      3.605 
        Q31CB-Q31HB2     27.734      2.463     1.000
       L69CD2-L69HD2     26.119      0.716     1.000
        L73CB-L73HB3     42.365      1.603     1.000
        P37CD-P37HD2     51.054      3.525     0.875
        P37CG-P37HG2     27.998      2.034     1.000
        Q40CG-Q40HG2     34.475      2.377     1.000
         T66CB-T66HB     70.183      4.051     0.752
         T7CG2-T7HG2     21.497      1.148     1.000
         P19CA-P19HA     65.321      4.097     1.000
         D21CA-D21HA     55.838      4.650     1.000
         L71CG-L71HG     27.539      1.634     1.000
        N60CB-N60HB2     37.392      3.281     0.526
         L8CD1-L8HD1     25.388      1.019     1.000
       V70CG1-V70HG1     21.168      0.905     1.000
         L43CA-L43HA     53.018      5.327     1.000
         A28CB-A28HB     17.692      1.598     1.000
       L50CD1-L50HD1     25.956      0.489     1.000
         R42CA-R42HA     55.124      4.454     1.000
       I23CG2-I23HG2     18.113      0.754     1.000
         A28CA-A28HA     55.393      4.127     1.000
       T12CG2-T12HG2     22.028      1.046     1.000
       L67CD1-L67HD1     24.883      0.667     1.000
           T7CB-T7HB     70.531      4.776     1.000
         L50CA-L50HA     54.240      4.053     1.000
       I61CD1-I61HD1     17.453      0.459     1.000
         I44CA-I44HA     58.954      4.924     0.828
        R74CB-R74HB2     30.911      1.835     1.000
        K33CG-K33HG2     25.272      1.572     1.000
        G10CA-G10HA3     45.368      3.570     1.000
        K33CE-K33HE2     42.209      3.090     1.000
         V5CG1-V5HG1     20.805      0.701     1.000
      I36CG1-I36HG12     26.952      1.067     1.000
        E18CB-E18HB3     30.776      1.568     1.000
       L43CD2-L43HD2     24.086      0.731     1.000
        E51CB-E51HB2     31.824      2.194     1.000
      I44CG1-I44HG12     27.802      1.321     1.000
         H68CA-H68HA     55.645      5.128     1.000
                 ?-?     33.413      2.276 
         S65CA-S65HA     60.940      4.602     1.000
         K29CA-K29HA     59.786      4.171     0.685
           F4CA-F4HA     55.133      5.614     1.000
       I44CD1-I44HD1     17.485      0.651     1.000
        D32CB-D32HB2     40.988      2.819     0.863
        K48CB-K48HB2     34.444      1.870     1.000
        G35CA-G35HA3     46.047      3.888     1.000
                 ?-?     21.887      1.233 
                 ?-?     23.355      0.828 
        N25CB-N25HB2     38.416      2.840     1.000
        R42CB-R42HB2     31.770      1.659     1.000
        K29CD-K29HD3     30.215      1.763     0.666
         A46CA-A46HA     52.554      3.672     0.571
         L73CA-L73HA     54.962      4.351     1.000
        R74CD-R74HD2     43.353      3.153     1.000
         A28CB-A28HB     17.810      1.615     1.000
       L73CD1-L73HD1     24.776      0.876     1.000
         K63CA-K63HA     57.869      3.947     1.000
         K48CA-K48HA     54.603      4.579     1.000
         I3CD1-I3HD1     14.232      0.561     1.000
        S65CB-S65HB2     64.973      3.868     1.000
       I61CG2-I61HG2     14.408      0.383     1.000
           V5CB-V5HB     34.205      1.882     1.000
       I44CD1-I44HD1     17.749      0.669     1.000
          L8CB-L8HB2     41.924      1.729     1.000
           I3CB-I3HB     42.107      1.741     1.000
                 ?-?     28.237      2.009 
       I36CG2-I36HG2     13.599      0.762     1.000
           T9CA-T9HA     61.451      4.391     1.000
        G10CA-G10HA2     45.364      4.318     0.606
       L15CD1-L15HD1     27.074      0.675     0.503
           T7CA-T7HA     60.527      4.900     1.000
        K29CB-K29HB2     33.318      2.109     1.000
       L15CD1-L15HD1     26.569      0.693     0.503
         D21CA-D21HA     55.623      4.626     1.000
         D32CA-D32HA     57.427      4.312     0.814
         D39CA-D39HA     55.804      4.381     0.892
       V70CG1-V70HG1     21.423      0.907     1.000
         V5CG2-V5HG2     22.311      0.652     0.607
       L71CD1-L71HD1     23.593      0.952     1.000
        D21CB-D21HB3     40.846      2.484     0.831
          K6CD-K6HD2     29.222      1.541     1.000
      I23CG1-I23HG12     27.848      1.873     1.000
          K6CB-K6HB3     34.520      1.343     0.793
         I30CB-I30HB     36.778      2.329     1.000
        E64CB-E64HB3     25.983      2.518     0.769
         E51CA-E51HA     55.940      4.468     1.000
           V5CA-V5HA     60.500      4.743     1.000
        D21CB-D21HB2     40.873      2.917     0.592
        P19CD-P19HD2     50.452      3.976     1.000
        K27CE-K27HE2     42.429      2.604     1.000
        R42CD-R42HD2     43.653      3.072     1.000
         L56CG-L56HG     26.668      1.688     0.632
         T12CB-T12HB     69.801      3.916     1.000
        E64CG-E64HG2     37.133      2.221     1.000
      I23CG1-I23HG13     27.849      1.266     1.000
         A46CB-A46HB     16.499      0.851     0.680
         L8CD2-L8HD2     23.814      0.954     1.000
        L69CB-L69HB2     44.331      1.592     1.000
         L67CA-L67HA     53.824      5.054     0.831
           M1CA-M1HA     54.482      4.195     1.000
       I13CD1-I13HD1     14.673      0.678     1.000
         I30CA-I30HA     66.130      3.472     0.777
        D39CB-D39HB2     39.806      2.643     0.669
        G47CA-G47HA2     45.355      4.073     0.724
        Q62CG-Q62HG2     33.416      2.336     1.000
        K63CE-K63HE2     42.086      3.004     1.000
         T22CB-T22HB     71.269      4.775     1.000
       I30CD1-I30HD1     17.281      0.657     1.000
         T55CB-T55HB     72.389      4.512     1.000
       L69CD1-L69HD1     23.939      0.833     1.000
       I61CD1-I61HD1     17.027      0.424     1.000
       I61CD1-I61HD1     17.240      0.445     1.000
        L69CB-L69HB3     44.266      1.072     1.000
        E51CB-E51HB3     31.820      1.933     1.000
        K48CD-K48HD2     29.180      1.846     1.000
        G47CA-G47HA3     45.365      3.423     1.000
        G53CA-G53HA3     45.212      3.963     1.000
        S20CB-S20HB2     63.438      4.127     1.000
          M1CG-M1HG2     30.858      2.516     1.000
         S57CA-S57HA     61.123      4.222     1.000
                 ?-?     23.117      0.823 
         I61CB-I61HB     36.669      1.368     1.000
         V26CA-V26HA     67.665      3.359     1.000
       L67CD1-L67HD1     25.205      0.636     1.000
         P37CA-P37HA     61.531      4.604     1.000
       T55CG2-T55HG2     22.256      1.094     1.000
       I30CG2-I30HG2     15.235      0.860     1.000
        L15CB-L15HB2     46.922      1.179     1.000
         I36CA-I36HA     57.800      4.390     1.000
          K6CG-K6HG2     25.023      1.239     1.000
        K11CG-K11HG3     25.101      1.212     1.000
                 ?-?     34.530      2.460 
        R54CG-R54HG3     27.416      1.798     1.000
                 ?-?     29.520      3.155 
        E24CB-E24HB2     28.657      2.008     1.000
         Y59CA-Y59HA     58.270      4.623     1.000
        Q41CG-Q41HG2     33.520      1.622     1.000
         I61CA-I61HA     62.437      3.351     1.000
