               Assignment         w1         w2         w3   Probability     
 
                    ?-?-?    121.943      7.695      7.262 
             Q2N-M1CG-Q2H    123.039     30.835      8.938     1.000
          L43N-R42CG-L43H    124.495     26.940      8.821     1.000
         Q31N-I30CG2-Q31H    123.671     15.221      8.542     1.000
                    ?-?-?    114.069     40.977      7.429 
         R74N-L73CD2-R74H    122.022     23.324      8.441     1.000
          A46N-F45CB-A46H    132.763     43.858      8.821     1.000
                    ?-?-?    116.980      7.685      7.810 
          D58N-S57CA-D58H    124.577     61.280      7.926     1.000
          Q49N-K48CE-Q49H    122.969     42.340      8.629     1.000
          D32N-Q31CA-D32H    119.851     60.020      8.050     1.000
         L15N-T14CG2-L15H    125.155     21.842      8.717     1.000
         Q31N-I30CD1-Q31H    123.656     16.986      8.542     1.000
                    ?-?-?    123.979     24.972      8.671 
                    ?-?-?    113.568     58.170      8.172 
                    ?-?-?    120.433     17.667      7.974 
                    ?-?-?    110.719     34.461      7.656 
                    ?-?-?    111.259     37.504      7.535 
             K6N-V5CA-K6H    127.835     60.534      8.879     1.000
                    ?-?-?    117.056     40.975      7.417 
                    ?-?-?    116.372     40.143      7.365 
         K27N-V26CG1-K27H    119.021     21.481      8.542     1.000
                    ?-?-?    121.908     46.672      7.970 
           G10N-T9CB-G10H    109.258     69.117      7.808     1.000
          E64N-K63CE-E64H    114.523     42.093      9.300     1.000
                    ?-?-?    120.951     22.289      8.840 
          G75N-R74CA-G75H    110.445     56.195      8.509     1.000
                    ?-?-?    115.049     32.444      9.207 
          I44N-L43CA-I44H    122.278     52.953      9.060     1.000
          A46N-F45CB-A46H    132.859     43.707      8.920     1.000
          N25N-E24CB-N25H    121.385     28.575      7.916     1.000
          R42N-Q41CA-R42H    123.043     56.685      8.507     1.000
                    ?-?-?    122.466     39.827      8.182 
          R74N-L73CG-R74H    122.022     27.025      8.441     1.000
          L71N-V70CB-L71H    123.262     34.803      8.126     1.000
          K27N-V26CB-K27H    119.073     30.964      8.540     1.000
                    ?-?-?    118.905     37.337      7.508 
                    ?-?-?    121.945     46.678      7.261 
                    ?-?-?    116.853     45.208      8.284 
          Y59N-D58CB-Y59H    115.789     40.312      7.242     1.000
          G10N-T9CG2-G10H    109.257     21.886      7.808     1.000
          I23N-T22CA-I23H    121.286     59.900      8.526     1.000
                    ?-?-?    105.280     45.103      8.344 
          T55N-R54CB-T55H    108.839     32.708      8.808     1.000
          L43N-R42CA-L43H    124.528     55.092      8.818     1.000
                    ?-?-?    122.009     43.655      8.437 
          I23N-T22CB-I23H    121.364     71.321      8.524     1.000
          L50N-Q49CG-L50H    125.755     34.606      8.539     1.000
             T9N-L8CB-T9H    105.953     41.941      7.632     1.000
          V26N-N25CB-V26H    122.169     38.390      8.092     1.000
                    ?-?-?    111.930     45.192      8.290 
          Q62N-I61CB-Q62H    125.009     36.659      7.616     1.000
         E18N-V17CG2-E18H    119.345     19.573      8.644     1.000
                    ?-?-?    125.342     29.515      8.134 
                    ?-?-?    120.701     38.470      8.103 
          A28N-K27CB-A28H    123.570     33.659      7.986     1.000
         I44N-L43CD2-I44H    122.284     24.100      9.059     1.000
                    ?-?-?    113.797     40.236      8.552 
         E18N-V17CG1-E18H    119.323     22.208      8.593     1.000
          R42N-Q41CB-R42H    123.071     31.501      8.506     1.000
                    ?-?-?    121.975     43.979      7.974 
                    ?-?-?    120.743     36.128      8.287 
          V70N-L69CA-V70H    127.102     53.884      9.192     1.000
             L8N-T7CB-L8H    121.414     70.544      9.103     1.000
          I61N-N60CB-I61H    118.906     37.308      7.236     1.000
                    ?-?-?    115.448     45.149      8.194 
          E51N-L50CB-E51H    123.268     41.389      8.390     1.000
         R72N-L71CD2-R72H    123.892     23.911      8.620     1.000
             T9N-L8CA-T9H    105.952     57.535      7.631     1.000
                    ?-?-?    115.541     42.326      7.420 
         Q62N-I61CG1-Q62H    125.022     28.195      7.620     1.000
                    ?-?-?    120.423     63.845      8.536 
                    ?-?-?    125.365     12.656      8.837 
         Q62N-I61CD1-Q62H    125.015     17.201      7.617     1.000
         V70N-L69CD1-V70H    127.110     23.899      9.190     1.000
          S65N-E64CA-S65H    115.006     58.309      7.656     1.000
                    ?-?-?    108.779     46.563      8.339 
                    ?-?-?    119.396      7.684      7.453 
          F45N-I44CA-F45H    125.370     58.922      8.838     1.000
          N25N-E24CG-N25H    121.352     35.993      7.917     1.000
          Q41N-Q40CA-Q41H    118.072     55.631      7.475     1.000
          D39N-P38CA-D39H    113.698     66.149      8.524     1.000
         Q31N-I30CG1-Q31H    123.691     31.130      8.543     1.000
          A28N-K27CA-A28H    123.570     59.231      7.985     1.000
                    ?-?-?    120.302     44.723      6.132 
                    ?-?-?    123.989     42.708      8.675 
          E16N-L15CA-E16H    122.526     52.733      8.120     1.000
                    ?-?-?    108.766      7.694      8.337 
                    ?-?-?    121.970      7.714      7.976 
          E16N-L15CB-E16H    122.517     46.891      8.120     1.000
          D32N-Q31CA-D32H    119.812     60.057      8.012     1.000
            L8N-T7CG2-L8H    121.416     21.499      9.103     1.000
          K27N-V26CA-K27H    119.020     67.679      8.541     1.000
                    ?-?-?    121.950     43.990      7.261 
             F4N-I3CB-F4H    118.547     42.093      8.593     1.000
                    ?-?-?    102.552     16.483      8.213 
                    ?-?-?    117.031     39.784      7.870 
                    ?-?-?    115.540     45.138      8.365 
                    ?-?-?    125.734     17.436      7.810 
          G35N-E34CB-G35H    108.944     33.142      8.496     1.000
          R42N-Q41CG-R42H    123.050     33.519      8.507     1.000
                    ?-?-?    120.420     58.335      8.536 
          I44N-L43CB-I44H    122.282     45.694      9.059     1.000
                    ?-?-?    108.771     45.216      8.338 
          E64N-K63CB-E64H    114.561     32.567      9.298     1.000
            F4N-I3CD1-F4H    118.544     14.235      8.596     1.000
          S20N-P19CA-S20H    103.485     65.314      7.021     1.000
          L73N-R72CG-L73H    124.442     27.236      8.357     1.000
                    ?-?-?    121.940     38.587      8.260 
                    ?-?-?    125.424     30.779      8.297 
             F4N-I3CA-F4H    118.551     59.644      8.596     1.000
          S20N-P19CG-S20H    103.491     27.937      7.022     1.000
          Q49N-K48CG-Q49H    122.939     24.479      8.629     1.000
                    ?-?-?    122.298      7.734      9.061 
          Q49N-K48CD-Q49H    122.939     29.198      8.629     1.000
          D39N-P38CD-D39H    113.707     51.102      8.524     0.805
                    ?-?-?    129.617     35.454      9.216 
                    ?-?-?    117.874     45.171      8.267 
                    ?-?-?    115.385      7.681      8.279 
          S20N-P19CB-S20H    103.478     31.810      7.022     1.000
          D21N-S20CA-D21H    123.939     57.468      8.041     1.000
                    ?-?-?    123.519     45.416      7.979 
                    ?-?-?    118.924      7.695      7.236 
          G75N-R74CG-G75H    110.447     27.054      8.510     1.000
                    ?-?-?    111.817     34.624      7.714 
          L69N-H68CB-L69H    124.242     31.502      8.301     1.000
                    ?-?-?    127.815     29.424      8.282 
                    ?-?-?    123.220     17.739      8.792 
          I30N-K29CD-I30H    121.400     30.260      8.270     1.000
                    ?-?-?    110.720     55.583      7.657 
          K33N-D32CA-K33H    115.556     57.240      7.416     1.000
          D39N-P38CG-D39H    113.706     27.642      8.524     1.000
          Q40N-D39CA-Q40H    116.989     55.683      7.811     1.000
          K63N-Q62CG-K63H    120.642     33.401      8.484     1.000
                    ?-?-?    120.660     29.531      8.775 
          L15N-T14CA-L15H    125.178     62.192      8.718     1.000
          L50N-Q49CB-L50H    125.583     29.523      8.454     1.000
                    ?-?-?    112.895     45.149      8.275 
          R72N-L71CG-R72H    123.879     27.474      8.620     1.000
         V70N-L69CD2-V70H    127.104     26.130      9.190     1.000
          T12N-K11CB-T12H    120.673     33.376      8.639     1.000
          E34N-K33CB-E34H    114.301     34.039      8.713     1.000
                    ?-?-?    112.276     53.623      7.275 
          I36N-G35CA-I36H    120.302     46.021      6.133     1.000
                    ?-?-?    115.476     34.676      8.386 
          K33N-D32CB-K33H    115.538     40.986      7.417     1.000
          V70N-L69CB-V70H    127.104     44.269      9.190     1.000
          Q41N-Q40CG-Q41H    118.080     34.471      7.474     1.000
          I30N-K29CB-I30H    121.389     33.341      8.269     1.000
          A28N-K27CG-A28H    123.569     26.121      7.986     1.000
          L50N-Q49CA-L50H    125.758     55.855      8.539     1.000
                    ?-?-?    120.295      7.650      7.852 
          I30N-K29CE-I30H    121.393     42.508      8.268     1.000
                    ?-?-?    126.872     29.524      8.299 
          K63N-Q62CB-K63H    120.630     31.596      8.483     1.000
          E64N-K63CG-E64H    114.572     23.842      9.298     1.000
                    ?-?-?    107.293     45.208      8.346 
                    ?-?-?    115.350     37.720      8.286 
         L67N-T66CG2-L67H    127.621     21.601      9.405     0.707
                    ?-?-?    108.809     45.205      8.503 
                    ?-?-?    113.939     45.163      8.290 
          T66N-S65CA-T66H    117.473     60.809      8.733     1.000
          E34N-K33CA-E34H    114.310     58.133      8.714     1.000
                    ?-?-?    114.949     24.021      9.209 
                    ?-?-?    102.566      7.707      8.136 
                    ?-?-?    120.423     17.591      7.940 
                    ?-?-?    115.384     45.160      8.034 
          S65N-E64CG-S65H    115.018     37.118      7.656     1.000
         I44N-L43CD1-I44H    122.291     26.474      9.058     1.000
                    ?-?-?    120.525     45.371      7.982 
         Q62N-I61CG2-Q62H    125.009     14.346      7.616     1.000
                    ?-?-?    125.054     29.364      8.223 
         R74N-L73CD1-R74H    122.022     24.911      8.441     1.000
                    ?-?-?    119.986     33.353      8.591 
         K27N-V26CG2-K27H    119.006     23.558      8.541     1.000
                    ?-?-?    115.370     45.159      8.281 
         F45N-I44CG1-F45H    125.384     27.812      8.837     1.000
         E18N-V17CG2-E18H    119.287     19.472      8.591     1.000
                    ?-?-?    115.367     43.861      8.279 
                    ?-?-?    108.994     45.213      8.430 
             V5N-F4CB-V5H    121.350     41.280      9.300     1.000
          L73N-R72CB-L73H    124.421     31.310      8.355     1.000
          D21N-S20CB-D21H    123.948     63.450      8.041     1.000
          N25N-E24CA-N25H    121.359     60.680      7.918     1.000
          L43N-R42CB-L43H    124.494     31.752      8.819     1.000
          D58N-S57CB-D58H    124.577     62.554      7.926     1.000
             T7N-K6CD-T7H    115.560     29.235      8.732     1.000
                    ?-?-?    121.187     45.791      9.448 
          E18N-V17CA-E18H    119.344     58.459      8.644     1.000
          Q49N-K48CB-Q49H    122.928     34.481      8.629     1.000
          G75N-R74CD-G75H    110.449     43.324      8.510     1.000
          T12N-K11CD-T12H    120.649     29.502      8.646     1.000
          T12N-K11CA-T12H    120.699     56.346      8.640     1.000
          L67N-T66CA-L67H    127.653     62.409      9.405     1.000
           G10N-T9CA-G10H    109.264     61.442      7.807     1.000
                    ?-?-?    111.787     55.147      7.713 
          Q31N-I30CB-Q31H    123.633     36.671      8.543     1.000
             T9N-L8CG-T9H    105.959     27.171      7.633     1.000
          T14N-I13CB-T14H    121.817     40.760      8.734     1.000
          L73N-R72CD-L73H    124.436     43.439      8.357     1.000
                    ?-?-?    120.350     76.515      6.131 
          Q31N-I30CA-Q31H    123.644     66.060      8.542     1.000
          A46N-F45CB-A46H    133.086     43.288      8.993     1.000
          H68N-L67CG-H68H    119.007     29.435      9.236     1.000
                    ?-?-?    126.805     34.411      8.890 
             Q2N-M1CB-Q2H    123.034     33.109      8.936     1.000
          V17N-E16CG-V17H    117.586     35.424      8.924     1.000
          E34N-K33CG-E34H    114.294     25.235      8.714     1.000
                    ?-?-?    121.689     30.828      8.941 
          I61N-N60CA-I61H    118.911     53.933      7.237     1.000
          G47N-A46CB-G47H    102.571     16.448      8.136     1.000
          T55N-R54CG-T55H    108.847     27.436      8.806     1.000
          F45N-I44CB-F45H    125.361     41.252      8.838     1.000
                    ?-?-?    123.903     24.998      8.619 
                    ?-?-?    120.989     19.917      8.837 
         F45N-I44CD1-F45H    125.375     17.456      8.837     1.000
         E16N-L15CD2-E16H    122.532     24.052      8.120     1.000
             T7N-K6CA-T7H    115.546     54.588      8.732     1.000
         L71N-V70CG1-L71H    123.263     21.182      8.126     1.000
            K6N-V5CG2-K6H    127.837     22.287      8.880     1.000
          E16N-L15CG-E16H    122.521     27.002      8.120     1.000
                    ?-?-?    115.378     46.457      8.281 
                    ?-?-?    124.020     23.919      8.677 
          A28N-K27CE-A28H    123.553     42.402      7.985     1.000
                    ?-?-?    115.459     45.111      8.438 
          S65N-E64CG-S65H    114.851     37.157      7.546     1.000
         E18N-V17CG1-E18H    119.351     22.189      8.644     1.000
             I3N-Q2CA-I3H    115.207     55.161      8.299     1.000
          A28N-K27CD-A28H    123.559     30.453      7.985     1.000
          S20N-P19CD-S20H    103.489     50.433      7.019     1.000
          L71N-V70CA-L71H    123.256     60.673      8.126     1.000
          T22N-D21CB-T22H    109.086     40.900      7.872     1.000
         L56N-T55CG2-L56H    118.088     22.239      8.135     1.000
             T7N-K6CB-T7H    115.570     34.536      8.732     1.000
          K63N-Q62CA-K63H    120.648     53.614      8.483     1.000
                    ?-?-?    119.371     46.474      7.451 
             I3N-Q2CG-I3H    115.218     34.612      8.297     1.000
         T14N-I13CD1-T14H    121.797     14.434      8.733     1.000
                    ?-?-?    111.138     54.206      6.807 
         S57N-L56CD2-S57H    113.570     23.046      8.466     1.000
          Q62N-I61CA-Q62H    125.012     62.457      7.617     1.000
          L15N-T14CB-L15H    125.167     69.659      8.718     1.000
          G35N-E34CA-G35H    108.923     55.336      8.497     1.000
                    ?-?-?    121.930     76.496      7.261 
                    ?-?-?    124.762     63.962      8.089 
                    ?-?-?    109.686     56.015      7.831 
         E51N-L50CD1-E51H    123.263     25.920      8.390     1.000
          G76N-G75CA-G76H    108.777     43.906      8.339     0.980
                    ?-?-?    123.882     29.543      8.308 
          R74N-L73CA-R74H    122.021     54.902      8.441     1.000
         T14N-I13CG1-T14H    121.803     26.917      8.734     1.000
          I13N-T12CB-I13H    127.711     69.836      9.508     1.000
         I13N-T12CG2-I13H    127.709     22.077      9.508     1.000
                    ?-?-?    123.774     51.416      9.310 
             T7N-K6CG-T7H    115.560     24.988      8.732     1.000
                    ?-?-?    110.138     40.893      7.993 
                    ?-?-?    106.249     45.202      8.333 
          T55N-R54CA-T55H    108.860     54.296      8.803     1.000
          D32N-Q31CG-D32H    119.914     33.834      8.056     1.000
                    ?-?-?    123.062      7.699      8.943 
          D52N-E51CB-D52H    120.389     31.696      8.151     1.000
          I30N-K29CG-I30H    121.390     26.478      8.268     1.000
                    ?-?-?    123.482     45.368      7.264 
             T7N-K6CE-T7H    115.555     42.002      8.732     0.837
          L67N-T66CB-L67H    127.629     70.174      9.407     1.000
         E51N-L50CD2-E51H    123.271     19.650      8.390     1.000
          K29N-A28CA-K29H    120.261     55.433      7.854     1.000
          R72N-L71CA-R72H    123.903     54.007      8.620     1.000
                    ?-?-?    119.352     43.852      7.452 
          E34N-K33CD-E34H    114.293     28.934      8.713     1.000
             L8N-T7CA-L8H    121.420     60.539      9.103     1.000
                    ?-?-?    124.893     62.595      8.001 
                    ?-?-?    115.397     45.176      8.121 
          T12N-K11CG-T12H    120.678     25.073      8.639     1.000
          K29N-A28CB-K29H    120.277     17.668      7.853     1.000
                    ?-?-?    115.045     45.225      7.933 
                    ?-?-?    110.231     45.228      8.343 
         I23N-T22CG2-I23H    121.404     22.166      8.524     1.000
          L56N-T55CB-L56H    118.112     72.358      8.136     1.000
          T66N-S65CB-T66H    117.468     64.973      8.731     1.000
            T9N-L8CD1-T9H    105.953     25.353      7.633     1.000
                    ?-?-?    120.275      7.717      6.133 
                    ?-?-?    102.597     76.485      8.137 
          H68N-L67CB-H68H    119.023     44.359      9.232     1.000
                    ?-?-?    108.798     43.073      8.338 
          Q49N-K48CA-Q49H    122.917     54.591      8.630     1.000
                    ?-?-?    122.911     24.608      8.695 
                    ?-?-?    108.787     45.206      8.175 
                    ?-?-?    122.917     29.156      8.695 
          N60N-Y59CB-N60H    116.075     39.971      8.140     1.000
                    ?-?-?    124.892     69.658      8.662 
            T9N-L8CD2-T9H    105.959     23.797      7.632     1.000
          D52N-E51CA-D52H    120.427     55.926      8.151     1.000
          G53N-D52CA-G53H    109.599     56.044      6.878     1.000
                    ?-?-?    118.851     45.978      6.141 
          I23N-T22CB-I23H    121.339     71.373      8.478     1.000
          S57N-L56CA-S57H    113.579     58.646      8.467     1.000
          E51N-L50CA-E51H    123.252     54.203      8.391     1.000
             K6N-V5CB-K6H    127.827     34.219      8.880     1.000
          T12N-K11CE-T12H    120.671     42.004      8.638     1.000
                    ?-?-?    116.947     35.484      8.794 
                    ?-?-?    125.868     42.477      7.859 
         H68N-L67CD1-H68H    119.022     25.013      9.232     1.000
                    ?-?-?    111.225     54.209      7.534 
          G75N-R74CB-G75H    110.451     30.906      8.510     1.000
                    ?-?-?    122.168      7.688      8.094 
            F4N-I3CG1-F4H    118.544     24.933      8.597     1.000
          V17N-E16CA-V17H    117.587     54.919      8.924     1.000
          E64N-K63CD-E64H    114.570     29.793      9.298     1.000
          L43N-R42CD-L43H    124.490     43.617      8.820     1.000
                    ?-?-?    108.927     29.532      8.302 
          K48N-G47CA-K48H    121.999     45.332      7.976     1.000
            F4N-I3CG2-F4H    118.556     17.826      8.595     1.000
          G35N-E34CG-G35H    108.927     36.280      8.497     1.000
          E34N-K33CE-E34H    114.267     42.212      8.714     1.000
          I13N-T12CA-I13H    127.687     62.487      9.510     1.000
         T14N-I13CG2-T14H    121.809     17.735      8.734     1.000
          H68N-L67CA-H68H    119.051     53.833      9.235     1.000
          T55N-R54CD-T55H    108.850     42.913      8.806     1.000
          E64N-K63CA-E64H    114.558     57.848      9.299     1.000
          R54N-G53CA-R54H    119.394     45.156      7.452     1.000
                    ?-?-?    121.765     46.083      6.139 
                    ?-?-?    119.984     29.335      8.536 
                    ?-?-?    120.474     45.307      7.272 
                    ?-?-?    122.028     45.323      7.179 
          T22N-D21CA-T22H    109.074     55.915      7.871     1.000
                    ?-?-?    108.780     76.503      8.337 
          Q40N-D39CB-Q40H    116.991     39.789      7.813     1.000
                    ?-?-?    120.640     33.387      8.202 
                    ?-?-?    120.336     47.327      6.132 
          D32N-Q31CG-D32H    119.819     33.826      8.012     1.000
          D52N-E51CG-D52H    120.422     36.357      8.151     1.000
          T14N-I13CA-T14H    121.816     59.984      8.734     1.000
          I30N-K29CA-I30H    121.384     59.784      8.269     1.000
          K11N-G10CA-K11H    121.954     45.332      7.261     1.000
            K6N-V5CG1-K6H    127.847     20.824      8.880     1.000
                    ?-?-?    115.402     76.505      8.280 
                    ?-?-?    112.211     33.367      7.275 
                    ?-?-?    124.244      7.668      8.303 
          R74N-L73CB-R74H    122.023     42.375      8.441     1.000
          D39N-P38CB-D39H    113.702     32.782      8.524     1.000
                    ?-?-?    114.684     34.517      8.209 
                    ?-?-?    115.354     45.192      8.525 
          E18N-V17CB-E18H    119.387     36.571      8.646     1.000
          V70N-L69CG-V70H    127.114     27.545      9.192     1.000
                    ?-?-?    120.303     63.824      8.416 
                    ?-?-?    102.554     16.418      8.051 
          R72N-L71CB-R72H    123.896     42.853      8.620     1.000
                    ?-?-?    112.275     55.828      7.670 
                    ?-?-?    115.329     43.022      8.280 
          S57N-L56CB-S57H    113.577     40.289      8.466     1.000
         S57N-L56CD1-S57H    113.572     26.745      8.466     0.507
          L73N-R72CA-L73H    124.451     55.530      8.358     1.000
             Q2N-M1CA-Q2H    123.039     54.487      8.939     1.000
                    ?-?-?    125.347     29.520      8.298 
             I3N-Q2CB-I3H    115.247     30.657      8.304     1.000
