                    Assignment         w1         w2         w3   Probability     
 
             I44CB-I44HB-I44HB     41.276      1.679      1.682     1.000
           P38CD-P38HD2-P38HB3     50.896      3.727      2.000     0.805
                         ?-?-?     36.096      2.278      3.915 
          L73CD2-L73HD2-L73HB3     23.378      0.818      1.581     1.000
                         ?-?-?     20.445      1.603      1.601 
            T66CB-T66HB-T66HG2     70.180      4.040      0.898     0.752
                         ?-?-?     12.983      0.225      0.227 
                         ?-?-?     29.844      3.142      4.418 
           R72CB-R72HB2-R72HB3     31.261      1.730      1.500     1.000
               K6CA-K6HA-K6HE2     54.630      5.274      2.860     1.000
            P19CA-P19HA-P19HG2     65.769      4.079      2.170     1.000
            S65CB-S65HB3-S65HA     64.962      3.585      4.593     1.000
                         ?-?-?     45.197      3.946      5.150 
                         ?-?-?     54.815      4.844      4.904 
           K33CE-K33HE3-K33HE3     42.284      3.120      3.130     1.000
             I13CA-I13HA-I13HB     60.045      4.472      1.834     1.000
             T7CG2-T7HG2-T7HG2     21.519      1.135      1.138     1.000
            T12CA-T12HA-T12HG2     62.403      4.990      1.037     1.000
                         ?-?-?     24.984      0.800      4.119 
             R74CA-R74HA-R74HA     56.229      4.297      4.301     1.000
           T12CG2-T12HG2-T12HA     21.980      1.042      4.995     1.000
            D32CB-D32HB3-D32HA     40.993      2.762      4.300     0.518
                         ?-?-?     25.026      0.929      4.992 
            L15CA-L15HA-L15HB3     52.783      4.717      1.321     1.000
                         ?-?-?     34.372      1.591      0.821 
                         ?-?-?     69.843      4.196      4.318 
          V26CG1-V26HG1-V26HG2     21.452      0.652      0.942     1.000
                         ?-?-?     49.425      3.160      2.924 
            P38CA-P38HA-P38HG3     66.066      4.073      2.157     1.000
             D21CA-D21HA-D21HA     55.630      4.611      4.616     1.000
           E51CG-E51HG2-E51HB2     36.416      2.315      2.188     1.000
             K48CA-K48HA-K48HA     54.762      4.563      4.569     1.000
           G10CA-G10HA3-G10HA3     45.362      3.567      3.571     1.000
              Q2CB-Q2HB2-Q2HB2     30.798      1.802      1.830     1.000
                         ?-?-?     33.863      2.322      4.304 
                         ?-?-?     17.526      0.638      0.409 
         I30CG2-I30HG2-I30HG12     15.247      0.848      1.976     1.000
            L69CB-L69HB3-L69HA     44.262      1.063      5.145     1.000
            N60CB-N60HB3-N60HA     37.386      2.753      4.316     0.555
           P38CB-P38HB3-P38HG3     32.777      2.002      2.151     1.000
                         ?-?-?     21.487      0.390      0.899 
           K48CD-K48HD2-K48HE2     29.177      1.807      3.129     1.000
          L15CD1-L15HD1-L15HD1     27.024      0.663      0.666     0.431
           R72CG-R72HG3-R72HD2     27.261      1.486      3.101     1.000
          L50CD2-L50HD2-L50HD1     19.597     -0.198      0.480     1.000
                         ?-?-?     35.198      1.680      1.687 
                         ?-?-?     26.568      1.660      0.520 
                         ?-?-?     27.978      2.084      3.968 
          L69CD2-L69HD2-L69HB3     26.119      0.707      1.076     1.000
            D32CA-D32HA-D32HB3     57.427      4.296      2.726     0.518
                         ?-?-?     63.828      3.741      4.598 
            Y59CB-Y59HB3-Y59HA     40.019      3.421      4.616     0.621
                         ?-?-?     21.407      0.877      0.290 
            V26CA-V26HA-V26HG1     67.669      3.349      0.655     1.000
           K27CE-K27HE2-K27HE2     42.430      2.590      2.594     1.000
            R74CA-R74HA-R74HB2     56.210      4.294      1.820     1.000
          V17CG1-V17HG1-V17HG2     22.182      0.665      0.385     1.000
               Q2CA-Q2HA-Q2HG2     55.158      5.241      2.206     1.000
             T55CA-T55HA-T55HB     59.719      5.196      4.506     1.000
            K29CE-K29HE3-K29HA     42.428      2.944      4.166     0.685
                         ?-?-?     47.879      3.928      3.954 
            D39CA-D39HA-D39HB2     55.817      4.367      2.636     0.597
               I3CB-I3HB-I3HG2     42.071      1.729      0.586     1.000
         I23CG1-I23HG13-I23HD1     27.853      1.252      0.534     1.000
            V17CB-V17HB-V17HG2     36.401      2.282      0.385     1.000
            Q40CB-Q40HB3-Q40HA     30.149      1.783      4.427     1.000
              K6CB-K6HB3-K6HB2     34.422      1.333      1.644     0.793
               M1CA-M1HA-M1HG2     54.475      4.186      2.509     1.000
           I30CD1-I30HD1-I30HB     17.031      0.654      2.321     1.000
           D58CB-D58HB3-D58HB3     40.277      2.246      2.239     1.000
          I61CG2-I61HG2-I61HD1     14.416      0.370      0.437     1.000
          L56CD2-L56HD2-L56HD2     23.066      0.581      0.582     1.000
           V26CG2-V26HG2-V26HA     23.615      0.938      3.350     1.000
             H68CA-H68HA-H68HA     55.632      5.116      5.120     1.000
            R42CB-R42HB2-R42HA     31.752      1.622      4.445     1.000
              K6CB-K6HB2-K6HB3     34.502      1.636      1.333     0.793
                         ?-?-?     22.150      0.347      0.647 
                         ?-?-?     46.900      1.246      1.321 
                         ?-?-?     35.245      3.117      4.615 
            Y59CA-Y59HA-Y59HB2     58.278      4.613      2.493     1.000
           I36CG2-I36HG2-I36HA     13.632      0.752      4.382     1.000
                         ?-?-?     28.244      2.027      4.157 
                         ?-?-?     41.105      2.506      4.192 
            I44CB-I44HB-I44HD1     41.201      1.677      0.639     1.000
             L8CD2-L8HD2-L8HD1     23.819      0.945      1.010     1.000
                         ?-?-?     17.069      0.401      3.495 
                         ?-?-?     29.505      3.121      4.112 
           Q41CG-Q41HG3-Q41HG2     33.515      2.485      1.615     1.000
            I13CB-I13HB-I13HD1     40.799      1.830      0.684     1.000
                         ?-?-?     29.563      3.098      3.051 
                         ?-?-?     49.437      3.160      1.246 
              K6CG-K6HG2-K6HD2     25.011      1.253      1.534     1.000
             T66CA-T66HA-T66HB     62.471      5.237      4.044     0.752
          L73CD1-L73HD1-L73HD1     24.963      0.867      0.867     1.000
            E34CA-E34HA-E34HG3     55.332      4.540      2.128     1.000
          L71CD2-L71HD2-L71HB3     23.521      0.810      1.495     1.000
             E24CA-E24HA-E24HA     60.656      3.846      3.851     1.000
            Y59CB-Y59HB2-Y59HA     40.083      2.488      4.617     1.000
             A28CB-A28HB-A28HA     17.706      1.589      4.119     1.000
                         ?-?-?     25.007      0.644      0.415 
           Y59CB-Y59HB3-Y59HB2     40.005      3.416      2.491     0.621
                         ?-?-?     45.192      3.453      3.955 
           R74CG-R74HG2-R74HD2     27.046      1.583      3.144     1.000
           L50CB-L50HB2-L50HD1     41.383      1.447      0.479     1.000
           P37CD-P37HD2-P37HB2     51.056      3.512      2.378     0.748
                         ?-?-?     54.073      4.609      3.126 
                         ?-?-?     17.091      1.222      1.223 
               V5CB-V5HB-V5HG1     34.238      1.870      0.690     1.000
           R72CB-R72HB3-R72HD2     31.331      1.491      3.100     1.000
            K48CE-K48HE2-K48HA     42.282      3.122      4.572     1.000
           L56CB-L56HB2-L56HB3     40.299      2.073      1.165     1.000
                         ?-?-?     25.011      0.134      0.658 
           I61CG2-I61HG2-I61HB     14.400      0.371      1.359     1.000
              L8CD2-L8HD2-L8HA     23.794      0.944      4.264     1.000
               F4CB-F4HB3-F4HA     41.274      2.867      5.607     0.866
           N60CB-N60HB3-N60HB2     37.397      2.753      3.272     0.526
                         ?-?-?     59.647      4.118      0.790 
                         ?-?-?     37.148      1.841      3.131 
           L69CB-L69HB2-L69HD2     44.266      1.577      0.707     1.000
            P37CA-P37HA-P37HG3     61.542      4.592      2.058     0.777
                         ?-?-?     35.921      1.494      3.102 
                         ?-?-?     29.267      1.547      1.425 
                         ?-?-?     48.910      3.920      3.952 
             Q49CA-Q49HA-Q49HA     55.850      4.501      4.510     1.000
           I36CD1-I36HD1-I36HA     17.720      0.882      4.383     1.000
           E34CB-E34HB3-E34HB2     33.154      2.227      1.646     1.000
        I36CG1-I36HG12-I36HG12     26.975      1.056      1.056     1.000
            E18CA-E18HA-E18HG3     52.755      5.028      2.194     1.000
            P37CD-P37HD2-P37HA     51.038      3.516      4.595     0.875
            E64CG-E64HG2-E64HA     37.143      2.209      3.312     0.685
                         ?-?-?     28.242      2.027      2.046 
               Q2CG-Q2HG2-Q2HA     34.583      2.206      5.249     1.000
           E34CB-E34HB2-E34HB3     33.172      1.646      2.223     1.000
           R42CB-R42HB2-R42HD2     31.687      1.626      3.064     1.000
             Q40CA-Q40HA-Q40HA     55.629      4.431      4.437     1.000
          I44CG1-I44HG12-I44HA     27.858      1.309      4.915     0.828
           I30CD1-I30HD1-I30HA     17.038      0.653      3.464     0.777
           N60CB-N60HB2-N60HB3     37.355      3.269      2.759     0.526
                         ?-?-?     50.447      3.766      2.403 
              Q2CB-Q2HB3-Q2HG2     30.668      1.565      2.201     1.000
            I61CB-I61HB-I61HG2     36.668      1.357      0.373     1.000
            R42CA-R42HA-R42HG2     55.082      4.425      1.347     1.000
           K29CB-K29HB3-K29HE2     33.276      1.867      2.949     0.679
             I44CB-I44HB-I44HA     41.204      1.675      4.917     0.828
               K6CB-K6HB2-K6HA     34.506      1.641      5.278     1.000
              K6CD-K6HD2-K6HE2     29.342      1.560      2.869     1.000
            K11CA-K11HA-K11HE2     56.299      4.306      2.880     1.000
            L50CA-L50HA-L50HD2     54.237      4.042     -0.196     1.000
           E24CG-E24HG2-E24HG2     36.368      2.333      2.394     1.000
                         ?-?-?     25.124      0.952      0.468 
             T55CA-T55HA-T55HA     59.694      5.195      5.199     1.000
                         ?-?-?     61.544      4.592      1.921 
             T12CB-T12HB-T12HA     69.806      3.910      4.996     1.000
                         ?-?-?     62.343      3.590      0.535 
            V70CA-V70HA-V70HG1     60.687      4.317      0.897     1.000
           K29CE-K29HE2-K29HD3     42.391      2.956      1.753     0.452
            K27CA-K27HA-K27HB2     59.238      4.545      1.972     1.000
                         ?-?-?     57.686      4.262      1.833 
            L15CA-L15HA-L15HD1     52.792      4.719      0.721     0.857
             I3CG2-I3HG2-I3HG2     17.824      0.589      0.587     1.000
              K6CB-K6HB3-K6HB3     34.448      1.334      1.335     0.629
             L50CG-L50HG-L50HA     25.807      1.432      4.044     1.000
           L69CB-L69HB3-L69HB2     44.246      1.064      1.580     1.000
            Q49CA-Q49HA-Q49HB2     55.885      4.492      1.945     0.825
             P37CA-P37HA-P37HA     61.502      4.592      4.595     1.000
            K63CG-K63HG3-K63HA     23.909      1.444      3.938     1.000
                         ?-?-?     27.292      1.835      0.945 
               I3CA-I3HA-I3HD1     59.634      4.115      0.552     1.000
                         ?-?-?     55.199      4.301      1.498 
            T55CB-T55HB-T55HG2     72.413      4.508      1.084     1.000
        I44CG1-I44HG13-I44HG12     27.728      1.014      1.313     1.000
                         ?-?-?     58.275      4.344      3.981 
        I13CG1-I13HG12-I13HG13     27.053      1.373      1.058     1.000
                         ?-?-?     40.008      2.506      4.478 
             L43CG-L43HG-L43HA     27.215      1.425      5.319     0.566
             V17CB-V17HB-V17HA     36.360      2.281      4.646     1.000
            S57CB-S57HB2-S57HA     62.553      3.760      4.213     1.000
                         ?-?-?     31.835      2.384      4.156 
                         ?-?-?     34.069      1.858      3.083 
                         ?-?-?     51.064      4.150      4.157 
            P38CG-P38HG2-P38HA     27.696      1.591      4.074     1.000
            R74CA-R74HA-R74HG2     56.257      4.290      1.592     1.000
            K48CB-K48HB2-K48HA     34.421      1.860      4.571     1.000
             E34CA-E34HA-E34HA     55.469      4.522      4.531     1.000
           K27CB-K27HB2-K27HE2     33.703      1.972      2.593     1.000
          V17CG1-V17HG1-V17HG1     22.271      0.650      0.683     1.000
                V5CA-V5HA-V5HB     60.512      4.728      1.872     1.000
           S65CB-S65HB3-S65HB3     65.244      3.576      3.610     1.000
                         ?-?-?     49.436      3.161      3.404 
             D39CA-D39HA-D39HA     55.806      4.366      4.370     0.796
          I30CG1-I30HG13-I30HB     31.085      0.648      2.319     1.000
                         ?-?-?     23.940      0.431      0.663 
                         ?-?-?     36.358      2.348      4.458 
               L8CA-L8HA-L8HD1     57.545      4.261      1.010     1.000
              K6CD-K6HD2-K6HG2     29.410      1.570      1.207     1.000
              K6CE-K6HE2-K6HD2     41.981      2.862      1.537     0.837
           P19CB-P19HB2-P19HD2     31.879      2.402      3.968     1.000
           I36CA-I36HA-I36HG13     57.797      4.392      1.045     1.000
           L43CB-L43HB2-L43HB3     45.719      1.526      1.111     1.000
            Q41CG-Q41HG2-Q41HA     33.526      1.611      4.185     1.000
            Q40CA-Q40HA-Q40HG2     55.673      4.424      2.375     1.000
            P38CD-P38HD2-P38HA     51.012      3.716      4.076     0.805
           K11CG-K11HG2-K11HG2     25.077      1.371      1.378     1.000
          L43CD2-L43HD2-L43HB3     24.135      0.750      1.113     1.000
            L50CG-L50HG-L50HD1     25.816      1.429      0.480     1.000
              K6CE-K6HE2-K6HG2     41.966      2.867      1.218     0.837
            I30CA-I30HA-I30HD1     66.106      3.461      0.656     0.777
              K6CB-K6HB2-K6HE2     34.543      1.638      2.861     1.000
            E64CA-E64HA-E64HB2     58.333      3.314      2.378     0.453
            K33CA-K33HA-K33HB2     58.193      4.275      1.981     1.000
                         ?-?-?     35.037      2.281      2.314 
              K6CB-K6HB3-K6HE2     34.487      1.331      2.860     0.793
                         ?-?-?     58.092      3.827      3.740 
               I3CA-I3HA-I3HG2     59.605      4.114      0.586     1.000
          L15CD2-L15HD2-L15HB2     24.027      0.706      1.167     1.000
              I3CG2-I3HG2-I3HB     17.817      0.589      1.730     1.000
           F45CB-F45HB2-F45HB3     43.675      2.995      2.773     1.000
                         ?-?-?     26.976      1.345      0.891 
           L69CD2-L69HD2-L69HA     26.087      0.701      5.145     1.000
             S57CA-S57HA-S57HA     61.182      4.210      4.214     1.000
             K27CA-K27HA-K27HA     59.240      4.548      4.551     1.000
            I13CA-I13HA-I13HD1     60.017      4.470      0.684     1.000
                         ?-?-?     55.186      3.376      3.305 
         I13CD1-I13HD1-I13HG13     14.390      0.682      1.061     1.000
           Q41CB-Q41HB3-Q41HB3     31.656      1.908      1.922     1.000
             L8CD2-L8HD2-L8HB2     23.826      0.946      1.720     1.000
            I61CB-I61HB-I61HD1     36.663      1.356      0.437     1.000
         I30CG1-I30HG12-I30HD1     31.148      1.974      0.655     1.000
                         ?-?-?     27.176      1.818      1.722 
                         ?-?-?     32.680      2.144      3.040 
             V26CA-V26HA-V26HB     67.682      3.349      2.309     1.000
                         ?-?-?     25.985      2.445      3.313 
            F45CA-F45HA-F45HB2     56.707      5.083      2.985     1.000
                         ?-?-?     14.210      0.549      0.791 
                         ?-?-?     37.171      1.856      1.859 
          L73CD2-L73HD2-L73HD1     23.347      0.818      0.867     1.000
         I61CG1-I61HG13-I61HD1     28.239     -0.395      0.437     0.530
            K29CD-K29HD2-K29HA     30.274      1.407      4.163     0.685
                         ?-?-?     62.368      3.591      3.596 
           K33CD-K33HD2-K33HE2     28.923      1.671      3.081     0.772
           T55CG2-T55HG2-T55HA     22.290      1.076      5.199     1.000
                         ?-?-?     41.931      1.831      4.264 
             L50CA-L50HA-L50HA     54.260      4.042      4.045     1.000
              K6CG-K6HG2-K6HE2     25.063      1.247      2.870     1.000
            S57CA-S57HA-S57HB3     61.116      4.211      3.809     1.000
            K11CA-K11HA-K11HB2     56.082      4.288      1.737     1.000
                         ?-?-?     30.774      1.553      2.313 
            Q40CG-Q40HG2-Q40HA     34.447      2.363      4.427     1.000
           D58CB-D58HB3-D58HB2     40.302      2.244      2.970     1.000
                         ?-?-?     31.440      1.619      4.517 
             T66CB-T66HB-T66HB     70.166      4.040      4.043     0.566
           T66CG2-T66HG2-T66HA     21.485      0.899      5.241     0.707
             L71CA-L71HA-L71HG     53.977      5.003      1.629     1.000
                         ?-?-?     12.700      0.639      1.022 
                         ?-?-?     35.882      1.764      4.298 
                         ?-?-?     48.616      4.416      3.081 
                         ?-?-?     28.722      0.836      3.663 
           K33CD-K33HD2-K33HD2     29.142      1.660      1.673     0.596
                         ?-?-?     28.972      1.969      3.915 
           V17CG2-V17HG2-V17HB     19.573      0.386      2.286     1.000
                         ?-?-?     56.701      4.324      2.485 
          L43CD2-L43HD2-L43HD2     24.118      0.763      0.759     1.000
                         ?-?-?     29.469      3.117      3.411 
                         ?-?-?     34.539      1.631      1.423 
          L50CD1-L50HD1-L50HD1     25.958      0.479      0.480     1.000
            E64CA-E64HA-E64HB3     58.334      3.311      2.509     0.527
                         ?-?-?     69.066      4.543      1.224 
              K6CB-K6HB2-K6HG2     34.489      1.636      1.235     1.000
              K6CD-K6HD2-K6HD2     29.235      1.540      1.536     1.000
          I61CG1-I61HG13-I61HB     28.255     -0.393      1.362     0.530
            P19CG-P19HG3-P19HA     27.852      2.130      4.083     1.000
           I13CG2-I13HG2-I13HB     17.786      0.825      1.837     1.000
           K63CE-K63HE2-K63HE2     42.078      2.993      2.994     1.000
                         ?-?-?     29.909      3.321      4.249 
                         ?-?-?     27.345      0.970      0.406 
                         ?-?-?     48.114      4.612      3.034 
            L50CA-L50HA-L50HB3     54.240      4.039      0.969     1.000
                         ?-?-?     51.045      4.149      2.001 
                         ?-?-?     46.061      3.731      3.714 
                         ?-?-?     46.916      1.242      0.665 
          I61CD1-I61HD1-I61HD1     17.270      0.435      0.436     1.000
             Y59CA-Y59HA-Y59HA     58.321      4.619      4.620     1.000
           V17CG1-V17HG1-V17HB     22.003      0.664      2.292     1.000
                         ?-?-?     59.062      4.467      3.339 
          L43CD1-L43HD1-L43HD2     26.413      0.718      0.760     1.000
            Q31CA-Q31HA-Q31HB2     60.038      3.773      2.458     1.000
           P38CG-P38HG3-P38HG2     27.651      2.130      1.592     1.000
           K63CD-K63HD2-K63HG3     29.768      1.703      1.457     1.000
                         ?-?-?     23.667      0.323      0.822 
                         ?-?-?     21.121      0.860      1.981 
           L50CD2-L50HD2-L50HA     19.581     -0.199      4.045     1.000
            P19CD-P19HD2-P19HA     50.437      3.970      4.088     1.000
           L56CD1-L56HD1-L56HA     26.844      0.711      4.023     0.507
                         ?-?-?     12.718      0.630      0.403 
         I61CD1-I61HD1-I61HG13     17.248      0.432     -0.403     0.530
           I36CG2-I36HG2-I36HB     13.627      0.749      1.360     1.000
               K6CD-K6HD2-K6HA     29.252      1.531      5.278     1.000
           P38CD-P38HD2-P38HG3     51.059      3.714      2.154     0.805
           Q49CB-Q49HB2-Q49HG2     29.134      1.936      2.200     0.825
            L69CA-L69HA-L69HB3     53.865      5.142      1.064     1.000
            D39CB-D39HB3-D39HA     39.825      2.684      4.372     0.892
           L43CB-L43HB3-L43HB3     45.740      1.112      1.112     1.000
         I13CG1-I13HG12-I13HD1     26.996      1.388      0.722     1.000
           Q62CG-Q62HG2-Q62HG2     33.487      2.307      2.328     1.000
                         ?-?-?     17.771      1.593      1.478 
                         ?-?-?     63.457      4.079      3.749 
            V26CB-V26HB-V26HG2     30.800      2.301      0.942     1.000
           I13CA-I13HA-I13HG13     60.028      4.477      1.066     1.000
            V70CB-V70HB-V70HG2     34.822      1.978      0.801     0.776
           I61CG2-I61HG2-I61HA     14.412      0.371      3.341     1.000
             V26CA-V26HA-V26HA     67.664      3.347      3.350     1.000
           P38CG-P38HG2-P38HB3     27.824      1.599      1.999     1.000
            I13CA-I13HA-I13HG2     60.027      4.472      0.838     1.000
                         ?-?-?     12.698      0.630      4.916 
            E18CA-E18HA-E18HB2     52.763      5.029      2.122     1.000
                         ?-?-?     57.188      4.614      3.019 
          L43CD2-L43HD2-L43HD1     24.069      0.750      0.720     1.000
         I23CG1-I23HG12-I23HD1     27.859      1.859      0.534     1.000
            P38CA-P38HA-P38HD2     66.184      4.070      3.716     1.000
                         ?-?-?     34.405      1.346      1.421 
           Q31CB-Q31HB2-Q31HB2     27.778      2.449      2.456     1.000
          I61CD1-I61HD1-I61HG2     17.279      0.434      0.374     1.000
            K33CG-K33HG2-K33HA     25.270      1.555      4.281     1.000
          L50CD2-L50HD2-L50HB2     19.594     -0.198      1.439     1.000
           P37CD-P37HD2-P37HD2     51.051      3.514      3.517     0.875
          L67CD1-L67HD1-L67HD1     25.020      0.638      0.627     1.000
                T7CA-T7HA-T7HA     60.459      4.885      4.905     1.000
           I30CG2-I30HG2-I30HB     15.247      0.851      2.321     1.000
           L50CB-L50HB3-L50HB3     41.376      0.966      0.969     1.000
             R54CA-R54HA-R54HA     54.363      4.661      4.646     1.000
         I30CG1-I30HG13-I30HG2     31.154      0.641      0.851     1.000
           L50CB-L50HB2-L50HD2     41.391      1.448     -0.196     1.000
            Q62CB-Q62HB2-Q62HA     31.705      2.195      4.450     1.000
            Q40CB-Q40HB2-Q40HA     30.130      2.410      4.427     1.000
                T9CB-T9HB-T9HB     69.092      4.544      4.548     1.000
            I36CA-I36HA-I36HD1     57.790      4.378      0.891     1.000
           K11CB-K11HB2-K11HG3     33.364      1.708      1.200     1.000
             A46CA-A46HA-A46HB     52.551      3.659      0.842     0.388
                         ?-?-?     41.912      1.810      1.886 
            L69CB-L69HB2-L69HG     44.261      1.571      1.289     1.000
                         ?-?-?     34.990      2.250      5.037 
            P19CB-P19HB2-P19HA     31.863      2.399      4.090     1.000
            Q31CA-Q31HA-Q31HG2     60.103      3.790      2.249     1.000
           L69CB-L69HB2-L69HB2     44.298      1.585      1.589     1.000
           K63CD-K63HD2-K63HE2     29.819      1.693      2.994     1.000
            K63CA-K63HA-K63HB3     57.883      3.935      1.858     0.683
                         ?-?-?     50.974      3.917      3.962 
           K29CE-K29HE2-K29HE2     42.296      2.951      2.952     0.461
            K63CA-K63HA-K63HD2     57.935      3.943      1.693     1.000
                         ?-?-?     29.173      1.592      4.120 
           Q62CB-Q62HB2-Q62HB2     31.651      2.193      2.199     1.000
           T55CG2-T55HG2-T55HB     22.267      1.075      4.505     1.000
           D21CB-D21HB3-D21HB2     40.891      2.468      2.905     0.492
                         ?-?-?     25.042      0.637      0.017 
                         ?-?-?     40.992      2.980      4.196 
                         ?-?-?     19.318      1.035      1.035 
           I61CA-I61HA-I61HG12     62.439      3.341      1.069     1.000
           R42CG-R42HG3-R42HD3     27.008      1.401      3.016     1.000
             T66CB-T66HB-T66HA     70.200      4.040      5.241     0.752
         I36CG2-I36HG2-I36HG13     13.722      0.743      1.047     1.000
            I3CD1-I3HD1-I3HG12     14.235      0.559      1.017     1.000
                         ?-?-?     46.913      1.249      1.379 
             F45CA-F45HA-F45HA     56.705      5.081      5.088     1.000
            Q31CB-Q31HB2-Q31HA     27.753      2.457      3.778     1.000
          T22CG2-T22HG2-T22HG2     22.005      1.222      1.224     1.000
           Q62CG-Q62HG2-Q62HG2     33.427      2.290      2.265     1.000
          L73CD1-L73HD1-L73HB3     24.949      0.873      1.583     1.000
        I61CG1-I61HG12-I61HG13     28.268      1.067     -0.403     0.530
           V26CG2-V26HG2-V26HB     23.586      0.945      2.309     1.000
          I36CG1-I36HG13-I36HA     27.002      1.042      4.383     1.000
            P38CA-P38HA-P38HB2     66.124      4.073      2.201     0.529
              M1CG-M1HG2-M1HB2     30.851      2.506      2.077     1.000
            Q49CG-Q49HG2-Q49HA     34.598      2.197      4.507     1.000
                         ?-?-?     28.715      0.701      0.716 
                         ?-?-?     55.627      4.611      3.146 
           P38CG-P38HG2-P38HG3     27.766      1.597      2.153     1.000
                         ?-?-?     18.732      0.638      0.940 
            Q62CB-Q62HB3-Q62HA     31.688      1.888      4.450     1.000
                         ?-?-?     27.897      1.243      2.453 
           R42CD-R42HD3-R42HG2     43.632      3.041      1.348     1.000
                         ?-?-?     34.504      2.452      0.534 
                         ?-?-?     18.111      0.742      3.596 
                         ?-?-?     25.141      0.132      0.627 
         I61CG2-I61HG2-I61HG12     14.400      0.373      1.068     1.000
                         ?-?-?     61.354      3.486      0.415 
           K63CG-K63HG3-K63HB2     23.890      1.444      2.014     1.000
            Q62CA-Q62HA-Q62HG2     53.652      4.441      2.270     1.000
            L73CA-L73HA-L73HB3     54.982      4.352      1.587     1.000
           R72CB-R72HB2-R72HD2     31.304      1.727      3.101     1.000
            K11CB-K11HB2-K11HA     33.395      1.719      4.306     1.000
           I61CA-I61HA-I61HG13     62.443      3.338     -0.402     0.530
                         ?-?-?     26.111      1.214      0.166 
                         ?-?-?     29.407      1.577      1.366 
            D21CB-D21HB2-D21HA     40.875      2.900      4.645     0.592
                         ?-?-?     29.661      3.113      3.071 
             A46CB-A46HB-A46HA     16.505      0.836      3.663     0.388
           Q40CB-Q40HB3-Q40HG2     30.136      1.793      2.372     1.000
                         ?-?-?     58.332      4.351      3.634 
           K29CD-K29HD2-K29HB3     30.307      1.439      1.902     1.000
           L43CB-L43HB3-L43HD2     45.729      1.109      0.760     1.000
          L67CD1-L67HD1-L67HB2     25.051      0.625      1.593     0.596
             V17CA-V17HA-V17HB     58.446      4.669      2.286     1.000
                         ?-?-?     27.873      1.244      3.597 
                         ?-?-?     21.779      1.110      0.487 
                         ?-?-?     62.339      3.591      0.745 
              V5CG2-V5HG2-V5HB     22.330      0.641      1.871     0.607
                         ?-?-?     39.478      2.706      2.715 
            K63CD-K63HD2-K63HA     29.850      1.688      3.938     1.000
                         ?-?-?     55.180      3.109      4.616 
           K33CE-K33HE3-K33HE2     42.260      3.098      3.086     1.000
           L71CD2-L71HD2-L71HA     23.912      0.820      4.992     1.000
            L73CA-L73HA-L73HD1     54.967      4.338      0.867     1.000
            L43CB-L43HB3-L43HG     45.697      1.114      1.426     1.000
            E24CA-E24HA-E24HG3     60.493      3.833      2.273     1.000
           L50CB-L50HB2-L50HB2     41.389      1.447      1.440     1.000
           I36CB-I36HB-I36HG13     40.515      1.372      1.048     1.000
                         ?-?-?     19.261      1.221      1.223 
           K27CE-K27HE2-K27HD3     42.450      2.594      1.664     1.000
                         ?-?-?     17.790      1.594      2.089 
            K11CA-K11HA-K11HG2     56.309      4.299      1.375     1.000
                         ?-?-?     37.197      2.187      3.246 
            L56CB-L56HB3-L56HG     40.299      1.168      1.681     0.632
                         ?-?-?     13.229      0.647      0.935 
                         ?-?-?     51.049      4.151      2.058 
                         ?-?-?     54.605      5.272      1.423 
                         ?-?-?     20.904      0.676      0.411 
                         ?-?-?     55.411      4.319      3.052 
           L56CB-L56HB2-L56HB2     40.555      2.078      2.081     1.000
                         ?-?-?     31.813      2.190      2.399 
                         ?-?-?     21.154      0.864      4.326 
           E51CG-E51HG2-E51HB3     36.291      2.334      1.929     1.000
                         ?-?-?     30.818      1.135      1.137 
           E51CB-E51HB3-E51HB2     31.771      1.914      2.188     1.000
                         ?-?-?     23.042      0.282      0.713 
           P37CD-P37HD2-P37HG3     51.056      3.513      2.058     0.680
                         ?-?-?     12.856      0.822      0.827 
            T66CA-T66HA-T66HG2     62.467      5.234      0.898     1.000
             I61CA-I61HA-I61HB     62.429      3.341      1.359     1.000
           Q49CB-Q49HB2-Q49HB2     29.066      1.946      1.948     0.681
                         ?-?-?     29.835      0.388      0.383 
            S65CB-S65HB2-S65HA     64.959      3.856      4.593     1.000
             L8CD1-L8HD1-L8HD2     25.268      0.983      0.940     1.000
          L56CD1-L56HD1-L56HB2     26.871      0.709      2.072     0.507
           N60CB-N60HB3-N60HB3     37.389      2.754      2.759     1.000
           Q49CG-Q49HG2-Q49HB2     34.563      2.201      1.947     0.825
            R74CG-R74HG2-R74HA     27.068      1.582      4.299     1.000
                I3CA-I3HA-I3HB     59.725      4.139      1.744     1.000
             A28CB-A28HB-A28HB     17.777      1.598      1.602     1.000
            V26CB-V26HB-V26HG1     30.796      2.302      0.655     1.000
            D58CB-D58HB3-D58HA     40.324      2.238      4.246     1.000
             I44CA-I44HA-I44HB     58.958      4.910      1.678     0.828
            L43CB-L43HB3-L43HA     45.725      1.110      5.319     1.000
                         ?-?-?     59.714      4.767      5.153 
             P19CA-P19HA-P19HA     65.536      4.083      4.087     1.000
            H68CB-H68HB2-H68HA     31.493      2.901      5.119     1.000
                         ?-?-?     27.361      1.841      1.840 
          I44CG1-I44HG13-I44HA     27.819      1.018      4.916     0.828
           K11CG-K11HG2-K11HG3     25.069      1.366      1.215     1.000
            L56CA-L56HA-L56HB2     58.666      4.016      2.071     1.000
                         ?-?-?     40.311      3.984      3.954 
            P37CA-P37HA-P37HD2     61.126      4.584      3.525     1.000
           L15CD1-L15HD1-L15HG     27.050      0.661      1.382     0.293
           T12CG2-T12HG2-T12HB     22.003      1.035      3.908     1.000
                         ?-?-?     29.019      1.948      4.441 
             L8CD1-L8HD1-L8HD1     25.367      1.009      1.010     1.000
           L43CD1-L43HD1-L43HA     26.443      0.722      5.319     1.000
            I30CA-I30HA-I30HG2     66.094      3.462      0.852     0.777
               T7CB-T7HB-T7HG2     70.534      4.766      1.138     1.000
                         ?-?-?     40.362      1.174      0.520 
                         ?-?-?     18.208      1.224      1.223 
           L56CB-L56HB3-L56HD2     40.292      1.166      0.582     1.000
                         ?-?-?     37.252      1.972      1.977 
            L73CB-L73HB2-L73HA     42.366      1.547      4.343     1.000
              Q2CB-Q2HB3-Q2HB2     30.578      1.621      1.838     1.000
                         ?-?-?     42.082      3.305      2.993 
            D21CA-D21HA-D21HB2     55.819      4.640      2.901     0.592
           Q40CG-Q40HG2-Q40HG2     34.471      2.366      2.371     1.000
           V26CG1-V26HG1-V26HA     21.446      0.652      3.350     1.000
                         ?-?-?     25.112      1.248      4.307 
           K11CG-K11HG3-K11HB3     25.113      1.199      1.765     1.000
          L71CD2-L71HD2-L71HD2     23.618      0.818      0.821     1.000
            E18CB-E18HB3-E18HA     30.745      1.554      5.037     1.000
          V70CG2-V70HG2-V70HG2     19.003      0.812      0.802     1.000
        I61CG1-I61HG13-I61HG12     28.241     -0.392      1.068     0.530
                         ?-?-?     40.307      2.147      2.151 
            K33CA-K33HA-K33HG2     58.185      4.275      1.564     1.000
               Q2CA-Q2HA-Q2HG3     55.171      5.240      1.842     1.000
            P37CA-P37HA-P37HB2     61.548      4.591      2.378     0.855
           I13CB-I13HB-I13HG13     40.807      1.827      1.066     1.000
             L43CA-L43HA-L43HG     53.010      5.312      1.426     1.000
           P38CG-P38HG2-P38HB2     27.711      1.594      2.203     0.529
          L56CD1-L56HD1-L56HD1     26.698      0.699      0.717     0.507
           L67CB-L67HB2-L67HD1     44.337      1.589      0.627     0.596
                         ?-?-?     55.637      5.112      3.105 
           Q31CG-Q31HG3-Q31HB2     33.838      1.889      2.458     1.000
           T66CG2-T66HG2-T66HB     21.447      0.897      4.044     0.532
            D58CA-D58HA-D58HB3     57.385      4.241      2.241     1.000
           L15CD2-L15HD2-L15HG     24.075      0.723      1.386     0.583
            T14CA-T14HA-T14HG2     62.084      4.929      1.095     1.000
           E24CG-E24HG3-E24HB2     36.014      2.308      1.995     1.000
           L56CD1-L56HD1-L56HG     26.815      0.709      1.680     0.320
            K33CA-K33HA-K33HB3     57.979      4.270      1.818     1.000
                         ?-?-?     23.799      0.946      1.840 
                         ?-?-?     54.921      4.846      1.881 
            V17CA-V17HA-V17HG2     58.425      4.692      0.426     1.000
                         ?-?-?     55.804      4.366      2.741 
                L8CA-L8HA-L8HA     57.920      4.271      4.276     1.000
                         ?-?-?     31.114      1.908      2.498 
           L73CD1-L73HD1-L73HA     24.954      0.866      4.342     1.000
              K6CD-K6HD2-K6HG2     29.302      1.544      1.225     1.000
                         ?-?-?     27.041      1.564      1.733 
                         ?-?-?     18.116      0.742      2.454 
           E18CB-E18HB2-E18HB3     30.742      2.116      1.555     1.000
             I36CB-I36HB-I36HA     40.536      1.377      4.382     1.000
            L69CB-L69HB2-L69HA     44.261      1.577      5.144     1.000
            T22CA-T22HA-T22HG2     59.674      4.866      1.225     0.537
                         ?-?-?     61.375      3.487      3.495 
           L69CD1-L69HD1-L69HG     23.917      0.803      1.294     1.000
            Q31CA-Q31HA-Q31HG3     60.033      3.779      1.892     1.000
           L67CD1-L67HD1-L67HG     25.016      0.641      1.733     1.000
            Q49CB-Q49HB2-Q49HA     29.112      1.944      4.507     0.825
               T7CA-T7HA-T7HG2     60.527      4.884      1.138     1.000
           K11CB-K11HB2-K11HB3     33.362      1.725      1.767     1.000
          L73CD1-L73HD1-L73HD1     24.983      0.889      0.821     1.000
           I13CG2-I13HG2-I13HA     17.760      0.838      4.480     1.000
             I13CB-I13HB-I13HB     40.822      1.829      1.834     1.000
                         ?-?-?     33.121      2.056      1.929 
             T55CB-T55HB-T55HA     72.396      4.505      5.199     1.000
             V70CB-V70HB-V70HA     34.737      1.974      4.325     0.776
                         ?-?-?     21.385      0.864      1.503 
                         ?-?-?     23.671      0.856      0.337 
            L15CA-L15HA-L15HB2     52.783      4.717      1.168     1.000
         I13CG1-I13HG13-I13HD1     26.960      1.061      0.684     1.000
           H68CB-H68HB2-H68HB2     31.511      2.899      2.901     1.000
           K11CB-K11HB2-K11HG2     33.363      1.716      1.374     1.000
            I61CA-I61HA-I61HD1     62.416      3.340      0.437     1.000
                         ?-?-?     31.031      1.088      1.089 
            E24CA-E24HA-E24HB2     60.647      3.845      1.998     1.000
                         ?-?-?     29.402      1.599      4.303 
           P38CD-P38HD2-P38HD2     51.104      3.711      3.714     0.805
                         ?-?-?     21.170      0.862      0.802 
           P38CG-P38HG2-P38HD2     27.718      1.592      3.714     1.000
            Q49CA-Q49HA-Q49HG2     55.841      4.495      2.199     1.000
                         ?-?-?     47.954      3.299      3.302 
                         ?-?-?     24.975      0.773      0.551 
           I61CD1-I61HD1-I61HA     17.274      0.434      3.342     1.000
           I23CB-I23HB-I23HG12     34.654      2.197      1.832     0.415
           R72CD-R72HD2-R72HD2     43.364      3.093      3.101     1.000
           L43CB-L43HB3-L43HB2     45.712      1.110      1.525     1.000
                         ?-?-?     48.954      4.349      3.745 
            I36CB-I36HB-I36HG2     40.527      1.377      0.753     1.000
           K48CG-K48HG2-K48HB2     24.442      1.474      1.854     1.000
            L73CG-L73HG-L73HB3     27.121      1.582      1.581     1.000
                         ?-?-?     41.931      1.764      4.264 
           L43CB-L43HB2-L43HD1     45.711      1.526      0.724     1.000
           L56CD2-L56HD2-L56HG     23.052      0.579      1.682     0.632
            I61CA-I61HA-I61HG2     62.417      3.340      0.374     1.000
          L71CD1-L71HD1-L71HD1     23.769      0.925      0.942     1.000
           R72CB-R72HB3-R72HB3     31.216      1.497      1.504     1.000
              V5CG1-V5HG1-V5HB     20.782      0.695      1.873     1.000
                         ?-?-?     40.764      2.542      4.343 
            K63CA-K63HA-K63HB2     57.939      3.938      2.014     1.000
            P19CA-P19HA-P19HB3     65.404      4.090      1.973     1.000
           L50CB-L50HB3-L50HB2     41.374      0.966      1.443     1.000
           R72CD-R72HD2-R72HB3     43.495      3.098      1.499     1.000
            P38CB-P38HB3-P38HA     32.765      1.991      4.075     1.000
            L71CG-L71HG-L71HD1     27.588      1.624      0.930     1.000
           E34CB-E34HB2-E34HG2     33.161      1.648      2.046     1.000
                         ?-?-?     29.954     -0.196     -0.196 
                         ?-?-?     46.725      3.991      4.006 
           I13CD1-I13HD1-I13HB     14.471      0.681      1.834     1.000
         I23CG1-I23HG12-I23HG2     27.850      1.859      0.745     1.000
             I3CD1-I3HD1-I3HD1     14.223      0.550      0.551     1.000
           D39CB-D39HB3-D39HB2     39.805      2.682      2.640     0.669
             A28CA-A28HA-A28HB     55.386      4.114      1.592     1.000
                         ?-?-?     50.415      3.783      3.967 
                         ?-?-?     21.855      1.224      4.383 
           K29CD-K29HD3-K29HE3     30.245      1.741      2.943     0.666
                         ?-?-?     32.574      1.938      3.939 
              I3CD1-I3HD1-I3HA     14.221      0.548      4.121     1.000
           P38CD-P38HD2-P38HG2     51.121      3.710      1.593     0.805
            N25CA-N25HA-N25HB2     56.042      4.503      2.832     1.000
                         ?-?-?     52.542      3.658      0.605 
                         ?-?-?     27.304      1.520      3.041 
               K6CB-K6HB3-K6HA     34.503      1.331      5.278     0.793
            K48CA-K48HA-K48HG2     54.620      4.568      1.480     1.000
             Q31CA-Q31HA-Q31HA     60.050      3.776      3.779     1.000
           L50CB-L50HB3-L50HD1     41.375      0.966      0.480     1.000
         I23CG2-I23HG2-I23HG13     18.112      0.740      1.254     1.000
          L50CD2-L50HD2-L50HB3     19.594     -0.199      0.971     1.000
          L43CD1-L43HD1-L43HB3     26.365      0.721      1.109     1.000
           K27CG-K27HG2-K27HE2     26.120      1.402      2.594     0.759
             I61CB-I61HB-I61HB     36.667      1.357      1.359     1.000
                         ?-?-?     32.725      2.138      4.646 
          V17CG2-V17HG2-V17HG2     19.547      0.383      0.385     1.000
             Q62CA-Q62HA-Q62HA     53.632      4.437      4.441     1.000
                         ?-?-?     50.231      3.922      3.965 
            L43CB-L43HB2-L43HA     45.722      1.524      5.319     1.000
           R72CD-R72HD2-R72HG2     43.564      3.078      1.454     0.809
               Q2CB-Q2HB3-Q2HA     30.590      1.575      5.249     1.000
                         ?-?-?     52.760      5.027      2.313 
           I36CD1-I36HD1-I36HB     17.721      0.880      1.383     1.000
           I44CD1-I44HD1-I44HB     17.532      0.637      1.679     1.000
           R72CG-R72HG2-R72HG2     27.182      1.447      1.439     0.654
                         ?-?-?     14.874      1.223      1.225 
             L56CG-L56HG-L56HG     26.812      1.680      1.679     0.399
          L56CD2-L56HD2-L56HB3     23.154      0.581      1.164     1.000
           G47CA-G47HA3-G47HA2     45.350      3.406      4.059     0.724
                         ?-?-?     21.863      1.221      4.548 
                         ?-?-?     30.316      1.416      3.142 
            R72CG-R72HG3-R72HA     27.242      1.480      4.255     1.000
                         ?-?-?     19.190      1.351      4.270 
            L15CG-L15HG-L15HB2     26.877      1.387      1.164     0.583
                         ?-?-?     23.975      0.512      0.927 
           E18CB-E18HB2-E18HB2     30.712      2.116      2.120     1.000
                         ?-?-?     45.836      4.165      3.757 
          L50CD1-L50HD1-L50HB2     25.961      0.473      1.439     1.000
                         ?-?-?     45.985      3.748      3.769 
            F45CA-F45HA-F45HB3     56.698      5.083      2.774     1.000
          V17CG2-V17HG2-V17HG1     19.559      0.384      0.669     1.000
                         ?-?-?     27.912      2.125      3.763 
            L50CB-L50HB3-L50HA     41.374      0.966      4.045     1.000
           G35CA-G35HA2-G35HA3     46.054      4.093      3.881     0.505
          I13CG2-I13HG2-I13HG2     17.764      0.838      0.838     1.000
                         ?-?-?     29.887      0.383      0.670 
          L56CD2-L56HD2-L56HD1     23.007      0.596      0.711     1.000
               K6CA-K6HA-K6HB3     54.605      5.270      1.334     0.793
             V17CA-V17HA-V17HA     58.439      4.655      4.646     1.000
          I13CG2-I13HG2-I13HD1     17.783      0.812      0.684     1.000
             E18CA-E18HA-E18HA     52.781      5.032      5.037     1.000
           E16CB-E16HB3-E16HG2     29.727      1.837      2.060     1.000
                         ?-?-?     23.023      0.165      0.384 
                         ?-?-?     23.905      0.795      0.471 
            K29CA-K29HA-K29HD2     59.796      4.162      1.416     0.685
                         ?-?-?     48.251      4.295      4.300 
               V5CA-V5HA-V5HG1     60.515      4.729      0.690     1.000
                         ?-?-?     29.299      0.590      0.587 
            L71CA-L71HA-L71HD2     53.970      5.026      0.823     1.000
             T14CA-T14HA-T14HB     62.106      4.925      4.004     0.594
           E24CB-E24HB2-E24HB2     28.503      2.001      1.991     1.000
                T7CB-T7HB-T7HA     70.669      4.766      4.904     1.000
                         ?-?-?     12.714      0.636      1.311 
                         ?-?-?     35.382      1.694      2.994 
            L56CG-L56HG-L56HB2     26.659      1.717      2.085     0.632
                         ?-?-?     30.778      1.916      2.071 
            L67CB-L67HB2-L67HA     44.363      1.591      5.047     0.495
           L56CB-L56HB2-L56HD2     40.293      2.069      0.582     1.000
            P38CA-P38HA-P38HG2     66.154      4.072      1.593     1.000
            L43CA-L43HA-L43HB2     53.022      5.315      1.525     1.000
          I30CG1-I30HG12-I30HA     31.138      1.982      3.464     0.777
             V5CG1-V5HG1-V5HG1     20.790      0.692      0.690     1.000
           K63CG-K63HG3-K63HE2     23.947      1.445      2.994     1.000
                         ?-?-?     27.421      1.788      3.040 
            L56CA-L56HA-L56HB3     58.658      4.013      1.164     1.000
            L50CG-L50HG-L50HD2     25.821      1.431     -0.196     1.000
                         ?-?-?     58.357      3.252      3.244 
                         ?-?-?     43.387      3.873      3.875 
            K27CB-K27HB3-K27HA     33.660      1.398      4.552     1.000
               K6CE-K6HE2-K6HA     41.988      2.855      5.278     0.837
          V17CG1-V17HG1-V17HG2     22.224      0.672      0.425     1.000
                         ?-?-?     57.949      3.696      3.736 
            E24CA-E24HA-E24HG2     60.684      3.846      2.359     1.000
           K29CD-K29HD2-K29HD3     30.247      1.422      1.752     0.666
           P38CG-P38HG3-P38HD2     27.690      2.149      3.715     1.000
             L8CD1-L8HD1-L8HB2     25.355      1.002      1.722     1.000
          V26CG2-V26HG2-V26HG1     23.606      0.937      0.655     1.000
            L67CG-L67HG-L67HD1     29.518      1.738      0.657     1.000
                         ?-?-?     12.697      0.633      1.678 
            I44CA-I44HA-I44HD1     58.968      4.911      0.640     0.828
           L69CB-L69HB3-L69HD1     44.262      1.063      0.823     1.000
            V70CB-V70HB-V70HG1     34.815      1.976      0.897     0.776
                         ?-?-?     55.171      3.378      3.381 
           K29CG-K29HG3-K29HE3     26.488      1.564      2.944     1.000
                         ?-?-?     31.410      2.971      4.407 
                         ?-?-?     28.924      0.650      0.649 
         I61CG1-I61HG13-I61HG2     28.254     -0.393      0.374     0.530
                         ?-?-?     25.013      1.409      5.277 
            R42CA-R42HA-R42HB2     55.191      4.466      1.641     1.000
                I3CB-I3HB-I3HA     42.104      1.727      4.122     1.000
                         ?-?-?     26.490      1.744      2.944 
           R72CG-R72HG3-R72HB3     27.243      1.496      1.501     1.000
                         ?-?-?     63.183      3.857      4.068 
          I13CD1-I13HD1-I13HD1     14.470      0.683      0.684     1.000
            L73CG-L73HG-L73HD1     27.120      1.569      0.867     1.000
           Q40CG-Q40HG2-Q40HB3     34.526      2.338      1.795     1.000
                         ?-?-?     25.703      0.386      1.221 
                         ?-?-?     17.775      1.596      1.368 
                         ?-?-?     45.206      3.951      4.192 
                         ?-?-?     31.803      2.373      1.929 
           K48CB-K48HB2-K48HG2     34.460      1.862      1.480     1.000
                         ?-?-?     17.785      1.592      1.835 
            K29CA-K29HA-K29HB3     59.786      4.160      1.901     0.685
           K33CE-K33HE2-K33HB2     42.182      3.056      1.994     1.000
            R54CD-R54HD2-R54HA     42.878      3.076      4.646     1.000
                         ?-?-?     35.332      2.167      1.879 
                         ?-?-?     22.183      1.327      1.325 
                         ?-?-?     31.039      1.913      4.187 
           D52CB-D52HB3-D52HB3     40.756      2.505      2.483     0.294
                         ?-?-?     24.954      0.886      1.495 
                         ?-?-?     23.037      0.163      1.224 
                         ?-?-?     29.940     -0.197      0.479 
                         ?-?-?     23.583      0.934      0.416 
                         ?-?-?     51.050      3.514      4.157 
                         ?-?-?     24.090      1.459      3.736 
           R42CB-R42HB2-R42HB2     31.685      1.623      1.645     1.000
                         ?-?-?     30.654      0.838      0.801 
            T55CA-T55HA-T55HG2     59.740      5.193      1.085     1.000
                         ?-?-?     26.491      1.742      4.164 
            P19CB-P19HB3-P19HA     31.958      1.966      4.089     1.000
            Q62CA-Q62HA-Q62HG2     53.628      4.438      2.325     1.000
                         ?-?-?     32.688      2.143      3.104 
            L73CG-L73HG-L73HD1     27.272      1.584      0.821     1.000
                         ?-?-?     12.956      0.227      1.004 
                         ?-?-?     58.285      4.352      3.743 
                         ?-?-?     55.572      4.614      3.032 
           Q62CB-Q62HB2-Q62HB3     31.614      2.208      1.855     1.000
          I44CD1-I44HD1-I44HD1     17.353      0.646      0.646     1.000
               K6CA-K6HA-K6HD2     54.620      5.269      1.530     1.000
                         ?-?-?     26.140      1.218      0.384 
                         ?-?-?     51.059      4.151      3.517 
           L71CD2-L71HD2-L71HG     23.859      0.822      1.623     1.000
            Q62CG-Q62HG2-Q62HA     33.420      2.294      4.442     1.000
                         ?-?-?     52.540      3.655      0.717 
            L71CA-L71HA-L71HD1     54.018      4.984      0.930     1.000
                         ?-?-?     34.362      0.687      0.718 
                         ?-?-?     62.346      3.591      1.252 
            S20CB-S20HB3-S20HA     63.815      3.738      4.356     0.887
            D58CB-D58HB2-D58HA     40.321      2.963      4.246     1.000
                         ?-?-?     61.943      4.089      0.880 
            K48CD-K48HD2-K48HA     29.200      1.825      4.571     1.000
                         ?-?-?     16.031      1.223      1.223 
         I61CG2-I61HG2-I61HG13     14.439      0.371     -0.403     0.530
         I30CG1-I30HG13-I30HD1     31.043      0.646      0.655     1.000
                         ?-?-?     28.974      0.842      0.839 
           Q40CB-Q40HB2-Q40HB3     30.126      2.414      1.792     1.000
           I44CA-I44HA-I44HG13     58.961      4.912      1.020     0.828
           Q31CB-Q31HB3-Q31HB2     27.820      1.914      2.455     1.000
           L43CB-L43HB2-L43HB2     45.740      1.526      1.528     1.000
                         ?-?-?     25.050      0.908      0.336 
            E34CB-E34HB3-E34HA     33.161      2.222      4.539     1.000
                         ?-?-?     66.548      3.766      4.358 
            K11CA-K11HA-K11HG3     56.330      4.302      1.199     1.000
              L8CB-L8HB2-L8HB2     42.001      1.733      1.727     1.000
                         ?-?-?     42.455      2.619      4.366 
                         ?-?-?     48.622      4.426      3.208 
           E51CB-E51HB3-E51HG2     31.688      1.896      2.311     1.000
                Q2CA-Q2HA-Q2HA     55.022      5.250      5.256     1.000
           P38CB-P38HB2-P38HG3     32.958      2.206      2.145     0.529
            L73CA-L73HA-L73HD1     54.964      4.338      0.819     1.000
               K6CA-K6HA-K6HB2     54.599      5.271      1.642     1.000
                         ?-?-?     58.326      4.349      3.497 
           R42CB-R42HB2-R42HG2     31.742      1.617      1.349     1.000
            P19CA-P19HA-P19HB2     65.302      4.088      2.403     1.000
                         ?-?-?     11.018      1.241      1.245 
           E51CG-E51HG2-E51HG2     36.321      2.303      2.293     1.000
                         ?-?-?     31.824      1.919      3.516 
               Q2CG-Q2HG3-Q2HA     34.589      1.860      5.249     1.000
            K63CA-K63HA-K63HE2     57.849      3.931      2.994     1.000
                         ?-?-?     19.209      1.349      1.357 
           E34CG-E34HG2-E34HB2     36.277      2.089      1.649     1.000
                         ?-?-?     59.911      3.900      3.916 
                         ?-?-?     23.341      0.322      0.868 
               V5CB-V5HB-V5HG2     34.229      1.869      0.642     0.607
           P37CB-P37HB2-P37HB2     31.797      2.371      2.383     0.550
          I13CG1-I13HG13-I13HA     26.948      1.065      4.480     1.000
                         ?-?-?     42.797      1.588      0.930 
          L50CD2-L50HD2-L50HD2     19.593     -0.197     -0.196     1.000
                         ?-?-?     31.810      1.923      2.394 
               F4CA-F4HA-F4HB2     55.153      5.600      3.003     1.000
           R74CB-R74HB3-R74HG2     30.824      1.789      1.591     1.000
           K11CE-K11HE2-K11HG2     42.014      2.890      1.381     1.000
         I61CD1-I61HD1-I61HG12     17.276      0.434      1.068     1.000
             I30CB-I30HB-I30HA     36.806      2.314      3.464     0.777
            E51CA-E51HA-E51HG2     55.926      4.452      2.305     1.000
                         ?-?-?     32.602      1.916      1.450 
                         ?-?-?     62.388      3.565      0.692 
                         ?-?-?     24.980      0.915      1.619 
             K63CA-K63HA-K63HA     57.891      3.933      3.938     1.000
                         ?-?-?     46.894      1.257      1.168 
           L73CD2-L73HD2-L73HA     23.309      0.818      4.342     1.000
                         ?-?-?     27.884      2.004      3.771 
         I13CG2-I13HG2-I13HG13     17.730      0.856      1.060     1.000
           T14CG2-T14HG2-T14HA     21.750      1.093      4.933     1.000
                         ?-?-?     62.167      5.391      1.121 
           N25CB-N25HB2-N25HB3     38.404      2.829      3.182     1.000
                         ?-?-?     51.079      4.153      4.595 
                         ?-?-?     43.631      3.045      4.508 
           K48CG-K48HG2-K48HG2     24.450      1.474      1.478     1.000
              I3CA-I3HA-I3HG12     59.635      4.115      1.016     1.000
           P19CG-P19HG3-P19HG2     27.846      2.142      2.167     1.000
           K33CG-K33HG2-K33HG2     25.289      1.557      1.562     1.000
            E34CB-E34HB2-E34HA     33.190      1.649      4.540     1.000
           K29CD-K29HD2-K29HE3     30.248      1.410      2.943     1.000
                         ?-?-?     29.067      0.432      0.436 
                         ?-?-?     25.096      1.323      4.307 
             L67CG-L67HG-L67HA     29.510      1.731      5.047     0.831
           I61CD1-I61HD1-I61HB     17.269      0.433      1.359     1.000
           I44CD1-I44HD1-I44HA     17.496      0.643      4.916     0.828
              T7CG2-T7HG2-T7HA     21.584      1.123      4.905     1.000
           K63CG-K63HG3-K63HD2     23.917      1.443      1.694     1.000
              L8CB-L8HB2-L8HD2     41.945      1.756      0.945     1.000
          I30CG2-I30HG2-I30HG2     15.237      0.849      0.852     1.000
            V17CA-V17HA-V17HG1     58.461      4.666      0.669     1.000
            Q41CG-Q41HG3-Q41HA     33.547      2.475      4.185     1.000
          I36CG1-I36HG12-I36HB     26.935      1.065      1.395     1.000
            L50CA-L50HA-L50HD1     54.235      4.042      0.480     1.000
                T9CB-T9HB-T9HA     69.091      4.544      4.383     1.000
                T9CA-T9HA-T9HB     61.450      4.378      4.548     1.000
                         ?-?-?     30.873      2.499      1.931 
            K48CA-K48HA-K48HB2     54.618      4.566      1.859     1.000
                         ?-?-?     17.785      1.593      1.412 
           N25CB-N25HB2-N25HB2     38.383      2.830      2.832     1.000
           L67CB-L67HB2-L67HD1     44.345      1.589      0.657     0.596
                         ?-?-?     54.484      4.186      1.930 
                         ?-?-?     27.123      1.783      0.403 
            S65CA-S65HA-S65HB2     60.929      4.588      3.861     1.000
                         ?-?-?     57.142      4.416      3.209 
           R74CG-R74HG2-R74HB2     27.111      1.580      1.818     1.000
                         ?-?-?     26.000      2.440      2.213 
            E24CB-E24HB2-E24HA     28.676      1.997      3.851     1.000
             T14CB-T14HB-T14HA     69.651      3.995      4.935     0.594
            E34CG-E34HG2-E34HA     36.284      2.085      4.539     1.000
                         ?-?-?     30.621      0.861      0.897 
            I30CB-I30HB-I30HG2     36.784      2.319      0.851     1.000
             V70CA-V70HA-V70HA     60.705      4.322      4.326     1.000
                         ?-?-?     42.473      1.544      1.495 
            L56CB-L56HB3-L56HA     40.289      1.165      4.023     1.000
                         ?-?-?     18.800      1.131      1.135 
                         ?-?-?     27.067      1.372      0.755 
           L56CB-L56HB3-L56HD1     40.295      1.168      0.712     1.000
             T14CB-T14HB-T14HB     69.638      4.001      4.005     0.353
         I36CG1-I36HG13-I36HD1     26.976      1.051      0.891     1.000
                         ?-?-?     49.436      3.160      3.164 
                         ?-?-?     34.524      2.452      3.596 
                         ?-?-?     48.116      4.608      3.146 
          L69CD2-L69HD2-L69HD1     26.108      0.704      0.823     1.000
             E64CA-E64HA-E64HA     58.337      3.309      3.312     0.469
             T55CB-T55HB-T55HB     72.396      4.494      4.505     1.000
          I36CG2-I36HG2-I36HG2     13.628      0.752      0.753     1.000
                         ?-?-?     29.127      1.634      4.291 
           Q62CB-Q62HB2-Q62HG2     31.543      2.203      2.311     1.000
             L69CA-L69HA-L69HA     53.862      5.138      5.144     1.000
           P37CB-P37HB2-P37HG2     31.835      2.380      2.005     0.643
           K27CB-K27HB3-K27HE2     33.687      1.398      2.595     1.000
                         ?-?-?     25.056      1.233      0.926 
            L43CA-L43HA-L43HB3     53.026      5.314      1.110     1.000
            H68CA-H68HA-H68HB2     55.649      5.115      2.899     1.000
             L69CG-L69HG-L69HG     27.635      1.294      1.293     1.000
              M1CB-M1HB2-M1HB2     33.074      2.068      2.076     1.000
           E64CG-E64HG2-E64HB3     37.138      2.211      2.510     0.769
        I61CG1-I61HG13-I61HG13     28.244     -0.403     -0.401     0.281
                         ?-?-?     56.621      4.341      2.596 
                         ?-?-?     29.232      0.757      0.746 
            S20CB-S20HB2-S20HA     63.434      4.112      4.324     0.887
            R72CB-R72HB2-R72HA     31.270      1.733      4.256     1.000
                         ?-?-?     31.968      1.970      3.765 
                         ?-?-?     42.001      2.879      1.581 
                         ?-?-?     17.794      1.595      1.115 
           N60CB-N60HB2-N60HB2     37.354      3.268      3.270     0.277
           G47CA-G47HA2-G47HA3     45.352      4.050      3.411     0.724
           L43CD2-L43HD2-L43HA     24.130      0.756      5.319     1.000
            K48CG-K48HG2-K48HA     24.501      1.478      4.571     1.000
                         ?-?-?     26.009      2.438      2.379 
                         ?-?-?     32.583      1.919      1.694 
            D21CA-D21HA-D21HB3     55.859      4.650      2.472     0.831
                         ?-?-?     62.341      3.588      1.861 
                         ?-?-?     21.354      0.927      0.664 
                         ?-?-?     50.485      3.968      3.767 
                         ?-?-?     41.119      2.624      4.540 
               Q2CA-Q2HA-Q2HB3     55.139      5.242      1.587     1.000
            V17CB-V17HB-V17HG1     36.624      2.301      0.661     1.000
                         ?-?-?     31.811      1.917      4.595 
           K29CD-K29HD2-K29HD2     30.109      1.436      1.416     1.000
                         ?-?-?     29.496      3.121      5.193 
            I13CB-I13HB-I13HG2     40.794      1.832      0.838     1.000
           S20CB-S20HB3-S20HB3     63.866      3.738      3.744     1.000
                         ?-?-?     27.480      0.131      0.227 
               I3CB-I3HB-I3HD1     42.091      1.733      0.551     1.000
                         ?-?-?     19.184      1.350      4.257 
            K33CE-K33HE3-K33HA     42.119      3.103      4.281     1.000
          L56CD2-L56HD2-L56HB2     23.084      0.580      2.072     1.000
                F4CA-F4HA-F4HA     55.136      5.602      5.607     1.000
             Q41CA-Q41HA-Q41HA     56.674      4.183      4.186     1.000
                         ?-?-?     29.504      3.112      5.820 
             V70CA-V70HA-V70HB     60.719      4.318      1.981     0.776
            E34CA-E34HA-E34HG2     55.313      4.547      2.048     1.000
            L69CB-L69HB3-L69HG     44.246      1.063      1.288     1.000
            L71CA-L71HA-L71HB3     54.010      4.988      1.489     1.000
                         ?-?-?     21.165      0.862      4.234 
                         ?-?-?     21.202      0.373      0.650 
             L43CA-L43HA-L43HA     53.023      5.312      5.319     1.000
            E18CB-E18HB2-E18HA     30.764      2.114      5.037     1.000
         I13CD1-I13HD1-I13HG12     14.393      0.686      1.405     1.000
           L69CB-L69HB3-L69HD2     44.280      1.066      0.707     1.000
                         ?-?-?     29.024      3.284      3.989 
         I30CD1-I30HD1-I30HG12     17.019      0.655      1.975     1.000
            R74CD-R74HD2-R74HA     43.354      3.137      4.298     1.000
                         ?-?-?     30.719      0.647      0.941 
           Q49CG-Q49HG2-Q49HG2     34.695      2.202      2.200     1.000
              K6CD-K6HD2-K6HG2     29.346      1.556      1.218     1.000
                         ?-?-?     25.693      0.382      0.167 
          L43CD1-L43HD1-L43HB2     26.358      0.724      1.528     1.000
           Q31CB-Q31HB2-Q31HG2     27.718      2.445      2.243     1.000
            L43CB-L43HB2-L43HG     45.718      1.527      1.426     1.000
            E24CG-E24HG3-E24HA     35.993      2.317      3.851     1.000
            E64CA-E64HA-E64HG2     58.323      3.310      2.213     0.685
             L67CA-L67HA-L67HA     53.778      5.038      5.045     0.691
           P38CB-P38HB2-P38HG2     32.847      2.188      1.586     0.529
                         ?-?-?     29.486      3.140      3.156 
                         ?-?-?     11.009      1.241      3.167 
             I3CG1-I3HG12-I3HA     25.014      1.015      4.121     1.000
            L67CA-L67HA-L67HD1     53.821      5.041      0.627     0.831
                         ?-?-?     35.384      2.170      4.905 
             K29CA-K29HA-K29HA     59.773      4.155      4.162     0.469
             A28CA-A28HA-A28HA     55.405      4.114      4.119     1.000
            L67CB-L67HB2-L67HG     44.331      1.589      1.734     0.596
           R54CD-R54HD2-R54HB3     42.910      3.063      2.049     1.000
                         ?-?-?     28.244      2.026      4.595 
                         ?-?-?     21.206      0.626      2.219 
             V5CG2-V5HG2-V5HG2     22.061      0.656      0.662     0.368
             I13CB-I13HB-I13HA     40.808      1.834      4.480     1.000
                         ?-?-?     62.592      3.760      3.716 
             I13CA-I13HA-I13HA     60.030      4.475      4.480     1.000
               M1CA-M1HA-M1HB2     54.484      4.190      2.078     1.000
            K29CA-K29HA-K29HB2     59.788      4.156      2.102     0.685
            Q31CG-Q31HG2-Q31HA     33.825      2.237      3.779     1.000
               M1CG-M1HG2-M1HA     30.852      2.504      4.188     1.000
                         ?-?-?     25.762      1.898      1.900 
                         ?-?-?     42.550      1.541      0.767 
         I44CD1-I44HD1-I44HG13     17.631      0.615      1.019     1.000
           N25CB-N25HB3-N25HB3     38.420      3.172      3.182     1.000
                         ?-?-?     35.563      2.128      2.060 
               L8CA-L8HA-L8HB2     57.570      4.258      1.720     1.000
             T12CA-T12HA-T12HB     62.409      4.992      3.909     1.000
             R72CA-R72HA-R72HA     55.585      4.250      4.254     1.000
            F45CB-F45HB3-F45HA     43.672      2.767      5.088     1.000
           K29CB-K29HB2-K29HD3     33.287      2.100      1.753     0.666
                         ?-?-?     22.015      1.231      1.460 
            N60CA-N60HA-N60HB2     54.172      4.311      3.270     0.292
                         ?-?-?     55.123      4.243      3.339 
            T22CB-T22HB-T22HG2     71.289      4.767      1.225     1.000
           K27CE-K27HE2-K27HB2     42.468      2.597      1.972     1.000
            K29CA-K29HA-K29HG3     59.793      4.161      1.559     0.685
                         ?-?-?     42.817      1.566      4.992 
               L8CA-L8HA-L8HD2     57.539      4.259      0.945     1.000
                         ?-?-?     45.194      3.948      2.760 
          I61CG1-I61HG12-I61HB     28.254      1.067      1.357     1.000
           I30CA-I30HA-I30HG12     66.128      3.459      1.976     0.777
           R74CD-R74HD2-R74HD2     43.312      3.138      3.143     1.000
          I30CG2-I30HG2-I30HD1     15.239      0.846      0.654     1.000
             L71CA-L71HA-L71HA     54.020      4.988      4.993     1.000
             L56CA-L56HA-L56HA     58.678      4.017      4.023     1.000
                         ?-?-?     17.832      0.590      0.795 
            T14CB-T14HB-T14HG2     69.646      3.998      1.095     0.594
          L50CD1-L50HD1-L50HB3     25.964      0.478      0.969     1.000
            R72CA-R72HA-R72HD2     55.538      4.259      3.101     1.000
           Q41CG-Q41HG2-Q41HB3     33.559      1.589      1.905     1.000
           G47CA-G47HA3-G47HA3     45.349      3.404      3.411     1.000
             I3CG2-I3HG2-I3HD1     17.788      0.555      0.521     1.000
                         ?-?-?     31.049      1.222      1.224 
           L50CB-L50HB3-L50HD2     41.380      0.967     -0.196     1.000
                         ?-?-?     20.793      0.505      0.898 
           K27CE-K27HE2-K27HD3     42.441      2.590      1.611     1.000
           I44CB-I44HB-I44HG12     41.187      1.672      1.311     1.000
                         ?-?-?     31.484      3.097      5.119 
           K11CB-K11HB2-K11HE2     33.362      1.711      2.880     1.000
                         ?-?-?     34.519      2.452      0.745 
                         ?-?-?     34.533      2.457      1.256 
                         ?-?-?     36.049      1.440      0.227 
           S57CB-S57HB2-S57HB3     62.588      3.760      3.809     1.000
        I23CG1-I23HG13-I23HG12     27.886      1.224      1.862     1.000
                         ?-?-?     35.354      3.144      4.418 
                         ?-?-?     39.958      3.327      4.478 
                         ?-?-?     29.508      3.105      4.040 
             I61CB-I61HB-I61HA     36.678      1.355      3.342     1.000
           L69CD2-L69HD2-L69HG     26.095      0.705      1.287     1.000
              K6CB-K6HB2-K6HB2     34.636      1.640      1.647     1.000
            L50CB-L50HB2-L50HA     41.371      1.446      4.045     1.000
          L15CD1-L15HD1-L15HB2     26.982      0.679      1.165     0.503
            L50CA-L50HA-L50HB2     54.240      4.036      1.445     1.000
                         ?-?-?     51.051      4.150      2.378 
                         ?-?-?     18.346      1.089      1.088 
           E34CB-E34HB2-E34HG3     33.124      1.652      2.126     1.000
            K27CD-K27HD3-K27HA     30.526      1.640      4.550     1.000
         I13CG1-I13HG12-I13HD1     26.947      1.393      0.680     1.000
           I13CB-I13HB-I13HG12     40.795      1.831      1.407     1.000
            L67CA-L67HA-L67HD1     53.838      5.041      0.657     0.831
              L8CD1-L8HD1-L8HA     25.343      1.009      4.264     1.000
                         ?-?-?     54.817      3.210      3.213 
           L56CB-L56HB2-L56HD1     40.284      2.069      0.712     1.000
           E18CB-E18HB3-E18HB2     30.729      1.545      2.120     1.000
             T14CA-T14HA-T14HA     62.098      4.928      4.934     1.000
                         ?-?-?     31.464      3.096      2.903 
            L56CB-L56HB2-L56HG     40.290      2.074      1.681     0.632
            K63CA-K63HA-K63HG3     57.887      3.930      1.448     1.000
              Q2CG-Q2HG2-Q2HB3     34.751      2.216      1.574     1.000
            K63CE-K63HE2-K63HA     42.094      2.992      3.938     1.000
            E16CA-E16HA-E16HG2     54.902      4.838      2.060     1.000
          I61CG2-I61HG2-I61HG2     14.413      0.371      0.374     1.000
                         ?-?-?     30.817      1.760      1.734 
            R74CB-R74HB3-R74HA     30.936      1.774      4.299     1.000
           G53CA-G53HA3-G53HA3     45.206      3.950      3.955     1.000
                         ?-?-?     22.383      0.535      0.521 
         I44CG1-I44HG12-I44HD1     27.798      1.312      0.637     1.000
            L43CA-L43HA-L43HD2     53.020      5.313      0.760     1.000
                         ?-?-?     12.701      0.634      0.637 
                         ?-?-?     46.923      1.238      0.721 
                         ?-?-?     67.018      3.901      3.906 
                         ?-?-?     35.030      2.258      2.121 
                         ?-?-?     57.218      4.412      4.417 
            L67CG-L67HG-L67HD1     29.476      1.733      0.627     1.000
            D32CA-D32HA-D32HB2     57.426      4.298      2.808     0.702
           S20CB-S20HB3-S20HB2     63.761      3.739      4.114     1.000
              M1CB-M1HB2-M1HG2     33.120      2.056      2.509     1.000
          I30CG1-I30HG13-I30HA     31.162      0.639      3.465     0.777
             L67CA-L67HA-L67HG     53.834      5.034      1.731     0.831
         I36CG1-I36HG13-I36HG2     26.977      1.043      0.753     1.000
                         ?-?-?     25.060      1.283      1.654 
                         ?-?-?     33.400      1.712      1.592 
            L56CB-L56HB2-L56HA     40.291      2.066      4.023     1.000
                         ?-?-?     25.994      2.442      2.511 
          I36CD1-I36HD1-I36HD1     17.730      0.887      0.891     1.000
            F45CB-F45HB2-F45HA     43.681      2.982      5.088     1.000
            K29CG-K29HG3-K29HA     26.536      1.562      4.164     0.685
            R72CB-R72HB3-R72HA     31.312      1.486      4.254     1.000
                         ?-?-?     29.386      1.594      1.596 
         I61CG1-I61HG12-I61HG2     28.254      1.068      0.374     1.000
          I23CG2-I23HG2-I23HG2     18.092      0.752      0.745     1.000
                         ?-?-?     24.122      0.761      0.486 
            N60CA-N60HA-N60HB3     54.169      4.311      2.758     0.555
           Q62CG-Q62HG2-Q62HB3     33.443      2.298      1.856     1.000
           E64CG-E64HG2-E64HG2     37.086      2.211      2.213     1.000
             L69CA-L69HA-L69HG     53.884      5.139      1.287     1.000
            K27CG-K27HG2-K27HA     26.187      1.404      4.552     0.759
                         ?-?-?     23.023      0.165      0.167 
           E64CG-E64HG2-E64HB2     37.033      2.241      2.383     0.662
          L50CD1-L50HD1-L50HD2     25.955      0.479     -0.196     1.000
           G10CA-G10HA2-G10HA3     45.348      4.299      3.571     0.606
                         ?-?-?     51.049      3.514      1.923 
                         ?-?-?     27.799      3.107      4.608 
            D21CB-D21HB3-D21HA     40.829      2.471      4.645     0.831
            I36CB-I36HB-I36HD1     40.530      1.377      0.891     1.000
           R74CB-R74HB3-R74HD2     30.893      1.773      3.143     1.000
            N25CB-N25HB3-N25HA     38.421      3.172      4.505     1.000
                         ?-?-?     22.964      0.594      0.480 
               Q2CB-Q2HB2-Q2HA     30.585      1.810      5.249     1.000
                         ?-?-?     32.579      1.926      2.994 
         I30CG1-I30HG12-I30HG2     31.160      1.973      0.851     1.000
            S20CA-S20HA-S20HB2     57.406      4.320      4.119     0.887
           E24CB-E24HB2-E24HG2     28.410      2.014      2.375     1.000
           K33CG-K33HG2-K33HD2     25.242      1.547      1.670     0.772
                         ?-?-?     25.343      1.007      1.840 
                         ?-?-?     31.071      1.041      1.037 
              I3CG2-I3HG2-I3HA     17.842      0.583      4.122     1.000
          I13CD1-I13HD1-I13HG2     14.457      0.681      0.837     1.000
          V70CG1-V70HG1-V70HG1     21.391      0.889      0.898     1.000
           T14CG2-T14HG2-T14HB     21.764      1.088      4.004     0.594
             A46CA-A46HA-A46HA     52.578      3.660      3.663     0.326
                         ?-?-?     25.689      0.388      0.386 
           R42CG-R42HG3-R42HG2     26.934      1.382      1.370     1.000
            E16CA-E16HA-E16HG3     54.898      4.836      2.205     1.000
           K48CD-K48HD2-K48HG2     29.233      1.815      1.480     1.000
           K33CG-K33HG2-K33HB2     25.283      1.562      1.980     1.000
           L69CB-L69HB3-L69HB3     44.236      1.060      1.065     1.000
           L73CB-L73HB2-L73HD1     42.380      1.545      0.867     1.000
           D58CB-D58HB2-D58HB3     40.294      2.972      2.240     1.000
           D32CB-D32HB3-D32HB2     40.997      2.766      2.805     0.549
             L69CG-L69HG-L69HA     27.615      1.276      5.145     1.000
                         ?-?-?     61.109      4.210      3.715 
           R72CD-R72HD2-R72HB2     43.364      3.124      1.731     1.000
             I61CA-I61HA-I61HA     62.443      3.338      3.342     1.000
           Q41CG-Q41HG2-Q41HB2     33.571      1.586      1.869     1.000
         I44CG1-I44HG13-I44HD1     27.800      1.014      0.637     1.000
            L56CA-L56HA-L56HD1     58.663      4.019      0.712     1.000
           P19CD-P19HD2-P19HB3     50.486      3.968      1.978     1.000
           P38CB-P38HB2-P38HD2     32.791      2.208      3.713     0.529
              K6CB-K6HB2-K6HD2     34.518      1.636      1.534     1.000
                         ?-?-?     21.545      1.150      0.531 
                         ?-?-?     52.584      4.260      1.357 
               M1CB-M1HB2-M1HA     33.167      2.061      4.184     1.000
                         ?-?-?     42.533      3.956      3.955 
                         ?-?-?     31.884      2.403      3.766 
                         ?-?-?     65.383      3.556      3.532 
               L8CA-L8HA-L8HB3     57.525      4.258      1.891     1.000
           P19CB-P19HB2-P19HG2     31.852      2.403      2.173     1.000
           K48CD-K48HD2-K48HD2     29.219      1.817      1.834     1.000
          L67CD1-L67HD1-L67HD1     25.013      0.641      0.657     1.000
             L56CG-L56HG-L56HA     26.700      1.679      4.023     0.632
           K48CG-K48HG2-K48HE2     24.570      1.482      3.129     1.000
             I36CA-I36HA-I36HB     57.828      4.380      1.374     1.000
                         ?-?-?     26.948      0.670      0.433 
            R42CG-R42HG3-R42HA     26.975      1.397      4.447     1.000
           L73CB-L73HB2-L73HB3     42.390      1.551      1.587     1.000
        I23CG1-I23HG12-I23HG13     27.844      1.847      1.253     1.000
           N25CB-N25HB3-N25HB2     38.410      3.173      2.834     1.000
           E34CG-E34HG3-E34HG3     36.286      2.097      2.126     1.000
                         ?-?-?     70.236      4.049      5.406 
               F4CA-F4HA-F4HB3     55.154      5.602      2.838     0.866
           K48CB-K48HB2-K48HE2     34.424      1.860      3.130     1.000
            L56CG-L56HG-L56HD1     26.728      1.679      0.712     0.632
            R42CD-R42HD3-R42HA     43.630      3.040      4.444     1.000
           Q31CB-Q31HB2-Q31HG3     27.756      2.450      1.892     1.000
           L43CD1-L43HD1-L43HG     26.457      0.719      1.425     1.000
           K33CE-K33HE3-K33HG2     42.323      3.107      1.564     1.000
           K63CD-K63HD2-K63HB2     29.787      1.707      2.017     1.000
              I3CD1-I3HD1-I3HB     14.209      0.549      1.733     1.000
                         ?-?-?     57.144      4.416      3.081 
            V26CA-V26HA-V26HG2     67.673      3.348      0.942     1.000
            S65CA-S65HA-S65HB3     60.932      4.589      3.596     1.000
            L15CA-L15HA-L15HD1     52.782      4.718      0.665     0.857
            P37CB-P37HB2-P37HA     31.811      2.377      4.595     0.643
                         ?-?-?     29.492      3.116      4.615 
                         ?-?-?     43.078      3.064      3.040 
                         ?-?-?     24.989      0.643      0.386 
           K11CB-K11HB2-K11HD2     33.363      1.707      1.654     1.000
           P19CD-P19HD2-P19HG2     50.466      3.970      2.173     1.000
            R54CA-R54HA-R54HG2     54.331      4.674      1.574     1.000
           L67CD1-L67HD1-L67HA     25.041      0.639      5.047     0.831
               K6CA-K6HA-K6HG2     54.599      5.271      1.236     1.000
             T12CB-T12HB-T12HB     69.777      3.902      3.909     1.000
           G10CA-G10HA3-G10HA2     45.361      3.567      4.303     0.606
           L43CB-L43HB2-L43HD2     45.730      1.525      0.760     1.000
           L56CD2-L56HD2-L56HA     23.067      0.578      4.023     1.000
              I3CB-I3HB-I3HG12     41.936      1.759      1.010     1.000
          I61CG1-I61HG12-I61HA     28.254      1.066      3.343     1.000
          T12CG2-T12HG2-T12HG2     22.001      1.039      1.037     1.000
           K33CG-K33HG2-K33HE2     25.259      1.558      3.082     1.000
            E16CA-E16HA-E16HB2     54.881      4.834      1.795     1.000
              M1CB-M1HB2-M1HB2     33.007      2.059      2.035     1.000
           L50CD1-L50HD1-L50HA     25.958      0.476      4.045     1.000
           P19CD-P19HD2-P19HB2     50.479      3.970      2.402     1.000
              K6CE-K6HE2-K6HE2     41.963      2.866      2.869     0.837
                         ?-?-?     50.500      3.968      2.023 
           K48CE-K48HE2-K48HG2     42.243      3.111      1.479     1.000
            L69CA-L69HA-L69HD2     53.851      5.143      0.707     1.000
               K6CG-K6HG2-K6HA     25.018      1.244      5.278     1.000
                         ?-?-?     42.519      2.846      3.141 
                         ?-?-?     28.252      2.026      3.517 
           L43CB-L43HB3-L43HD1     45.677      1.116      0.724     1.000
           K48CB-K48HB2-K48HB2     34.433      1.861      1.858     1.000
           F45CB-F45HB3-F45HB3     43.672      2.765      2.774     1.000
           G10CA-G10HA2-G10HA2     45.349      4.299      4.303     0.367
            R72CD-R72HD2-R72HA     43.472      3.101      4.255     1.000
          T14CG2-T14HG2-T14HG2     21.996      1.087      1.089     1.000
             I30CA-I30HA-I30HA     66.135      3.461      3.464     0.604
            V17CA-V17HA-V17HG2     58.454      4.664      0.385     1.000
                         ?-?-?     27.858      1.858      3.597 
                         ?-?-?     17.294      0.704      0.425 
           S20CB-S20HB2-S20HB2     63.471      4.094      4.121     1.000
                         ?-?-?     26.980      1.359      4.384 
                         ?-?-?     40.813      2.549      2.591 
           D32CB-D32HB3-D32HB3     40.993      2.760      2.727     0.404
                         ?-?-?     42.510      3.123      4.165 
          L56CD1-L56HD1-L56HD2     26.825      0.710      0.582     0.507
                         ?-?-?     34.020      1.931      4.281 
                         ?-?-?     20.873      0.686      0.450 
                         ?-?-?     42.703      2.682      2.676 
            L56CG-L56HG-L56HD2     26.721      1.679      0.582     0.632
           I30CG2-I30HG2-I30HA     15.240      0.848      3.464     0.777
                         ?-?-?     62.353      3.590      2.455 
            I36CA-I36HA-I36HG2     57.777      4.379      0.753     1.000
            L43CA-L43HA-L43HD1     53.027      5.305      0.724     1.000
           V17CG1-V17HG1-V17HA     22.182      0.665      4.646     1.000
          V17CG2-V17HG2-V17HG2     19.807      0.411      0.425     1.000
                         ?-?-?     36.849      1.644      2.875 
           L73CB-L73HB2-L73HD1     42.487      1.548      0.820     1.000
                         ?-?-?     45.203      3.949      3.717 
           K63CE-K63HE2-K63HB2     42.150      3.015      2.008     1.000
                         ?-?-?     26.664      0.690      0.521 
           P37CB-P37HB2-P37HD2     31.812      2.377      3.517     0.643
            I3CG1-I3HG12-I3HD1     24.998      1.010      0.551     1.000
           L69CD1-L69HD1-L69HA     23.881      0.818      5.145     1.000
            P38CB-P38HB2-P38HA     32.802      2.204      4.074     0.529
                         ?-?-?     24.005      0.748      0.429 
            Q31CG-Q31HG3-Q31HA     33.821      1.888      3.779     1.000
              K6CD-K6HD2-K6HB3     29.271      1.544      1.342     0.793
            N60CB-N60HB2-N60HA     37.391      3.268      4.316     0.292
                         ?-?-?     57.227      4.564      3.130 
           R54CD-R54HD2-R54HB2     42.946      3.064      2.207     1.000
            Y59CA-Y59HA-Y59HB3     58.270      4.613      3.426     0.621
             I44CA-I44HA-I44HA     58.983      4.909      4.915     0.686
           K29CB-K29HB2-K29HE3     33.346      2.101      2.943     1.000
                         ?-?-?     27.288      1.836      4.264 
                         ?-?-?     27.306      1.836      1.010 
           K63CD-K63HD2-K63HD2     29.661      1.689      1.693     1.000
           Q41CG-Q41HG2-Q41HG3     33.554      1.592      2.485     1.000
             V70CB-V70HB-V70HB     34.775      1.973      1.980     0.602
              M1CG-M1HG2-M1HG2     30.819      2.502      2.508     1.000
         I61CG1-I61HG12-I61HD1     28.236      1.068      0.437     1.000
           K33CE-K33HE3-K33HB3     42.290      3.118      1.820     1.000
          I36CG2-I36HG2-I36HD1     13.607      0.752      0.892     1.000
            D58CA-D58HA-D58HB2     57.408      4.243      2.968     1.000
                         ?-?-?     21.943      1.071      0.856 
            V70CA-V70HA-V70HG2     60.680      4.319      0.801     1.000
           I13CD1-I13HD1-I13HA     14.448      0.683      4.480     1.000
                         ?-?-?     56.720      3.982      3.278 
           Q40CB-Q40HB2-Q40HG2     30.117      2.414      2.372     1.000
          I61CG1-I61HG13-I61HA     28.239     -0.394      3.341     0.530
                         ?-?-?     12.961      0.223      0.415 
             I30CA-I30HA-I30HB     66.115      3.461      2.322     0.777
                T9CA-T9HA-T9HA     61.382      4.376      4.382     1.000
           P38CB-P38HB3-P38HD2     32.780      1.988      3.715     1.000
           K63CE-K63HE2-K63HD2     42.119      3.021      1.691     1.000
                         ?-?-?     27.437      1.004      0.227 
            V17CB-V17HB-V17HG2     36.525      2.283      0.427     1.000
                         ?-?-?     30.660      3.170      4.211 
                         ?-?-?     19.242      1.085      1.088 
           L56CB-L56HB3-L56HB2     40.274      1.163      2.075     1.000
             L71CG-L71HG-L71HA     27.576      1.617      4.992     1.000
           E24CB-E24HB2-E24HG3     28.760      1.989      2.281     1.000
           R74CD-R74HD2-R74HG2     43.227      3.118      1.582     1.000
               V5CA-V5HA-V5HG2     60.503      4.727      0.642     0.607
                         ?-?-?     42.533      3.134      2.944 
            N25CB-N25HB2-N25HA     38.427      2.829      4.505     1.000
            K27CE-K27HE2-K27HA     42.418      2.606      4.550     1.000
             I36CB-I36HB-I36HB     40.545      1.377      1.378     1.000
            K27CA-K27HA-K27HG2     59.419      4.533      1.398     0.759
                         ?-?-?     20.234      0.999      0.984 
                M1CA-M1HA-M1HA     54.498      4.185      4.188     1.000
             V26CB-V26HB-V26HA     30.790      2.299      3.350     1.000
                         ?-?-?     58.118      4.353      4.358 
           I44CA-I44HA-I44HG12     58.968      4.905      1.310     0.828
            K27CA-K27HA-K27HD2     59.218      4.541      1.532     1.000
           K27CD-K27HD3-K27HE2     30.487      1.635      2.594     1.000
              Q2CG-Q2HG3-Q2HB3     34.367      1.861      1.575     1.000
                         ?-?-?     51.052      4.149      1.923 
             L73CA-L73HA-L73HA     54.991      4.339      4.343     1.000
                         ?-?-?     17.152      0.417      0.223 
           L56CB-L56HB3-L56HB3     40.298      1.167      1.168     1.000
        I30CG1-I30HG13-I30HG12     31.147      0.640      1.976     1.000
            P37CA-P37HA-P37HG2     61.541      4.592      2.000     1.000
           V17CG2-V17HG2-V17HA     19.555      0.380      4.646     1.000
            T12CB-T12HB-T12HG2     69.797      3.905      1.037     1.000
              K6CB-K6HB3-K6HD2     34.468      1.335      1.530     0.793
             T12CA-T12HA-T12HA     62.416      4.989      4.995     1.000
                         ?-?-?     61.438      4.378      1.224 
                         ?-?-?     35.282      2.162      1.797 
         I44CD1-I44HD1-I44HG12     17.530      0.646      1.310     1.000
              K6CB-K6HB3-K6HG2     34.494      1.339      1.239     0.793
                         ?-?-?     47.960      3.304      3.382 
                         ?-?-?     29.440      3.070      3.014 
         I13CG1-I13HG13-I13HG2     26.985      1.069      0.837     1.000
             V26CB-V26HB-V26HB     30.881      2.287      2.309     1.000
        I61CG1-I61HG12-I61HG12     28.258      1.075      1.072     1.000
                         ?-?-?     21.244      0.865      0.197 
           P37CD-P37HD2-P37HG2     51.053      3.523      2.001     0.875
             T66CA-T66HA-T66HA     62.461      5.235      5.242     1.000
           R42CB-R42HB2-R42HD3     31.682      1.623      3.014     1.000
