            Assignment         w1         w2         w3   Probability     
 
       L69N-H68CB-L69H    124.250     31.463      8.300     1.000
       L43N-R42CA-L43H    124.503     55.116      8.826     1.000
       K29N-A28CB-K29H    120.293     17.684      7.852     1.000
       K27N-V26CB-K27H    119.036     30.766      8.542     1.000
          K6N-V5CB-K6H    127.827     34.209      8.874     1.000
       A28N-K27CA-A28H    123.601     59.194      7.983     1.000
       S20N-P19CB-S20H    103.473     31.845      7.022     1.000
       S57N-L56CA-S57H    113.590     58.654      8.472     1.000
                 ?-?-?    120.439     63.828      8.546 
       T66N-S65CA-T66H    117.481     60.934      8.738     1.000
       I13N-T12CA-I13H    127.740     62.423      9.508     1.000
       E34N-K33CA-E34H    114.315     58.163      8.715     1.000
       L43N-R42CB-L43H    124.503     31.773      8.826     1.000
       N60N-Y59CB-N60H    116.101     39.972      8.140     1.000
       T12N-K11CA-T12H    120.713     56.290      8.649     1.000
       V17N-E16CA-V17H    117.584     54.907      8.926     1.000
       K48N-G47CA-K48H    122.020     45.336      7.974     1.000
       N25N-E24CA-N25H    121.366     60.651      7.920     1.000
       E51N-L50CA-E51H    123.278     54.221      8.395     1.000
       Y59N-D58CA-Y59H    115.817     57.378      7.241     1.000
       K27N-V26CA-K27H    119.037     67.634      8.542     1.000
       L71N-V70CB-L71H    123.282     34.810      8.137     1.000
       N60N-Y59CA-N60H    116.103     58.242      8.141     1.000
       E64N-K63CA-E64H    114.593     57.862      9.302     1.000
          T9N-L8CA-T9H    105.972     57.528      7.634     1.000
       I23N-T22CA-I23H    121.357     59.675      8.525     1.000
       I61N-N60CB-I61H    118.939     37.374      7.238     1.000
       L67N-T66CA-L67H    127.631     62.473      9.408     1.000
       V70N-L69CB-V70H    127.116     44.227      9.192     1.000
       R74N-L73CA-R74H    122.061     54.955      8.450     1.000
       K63N-Q62CB-K63H    120.661     31.598      8.492     1.000
          F4N-I3CA-F4H    118.534     59.606      8.595     1.000
                 ?-?-?    107.456     45.224      8.347 
       Q31N-I30CA-Q31H    123.663     66.092      8.542     1.000
          T7N-K6CA-T7H    115.574     54.597      8.735     1.000
                 ?-?-?    120.524     29.487      8.719 
          V5N-F4CA-V5H    121.339     55.135      9.301     1.000
       E51N-L50CB-E51H    123.279     41.345      8.395     1.000
                 ?-?-?    126.777     55.728      8.306 
          K6N-V5CA-K6H    127.827     60.482      8.874     1.000
                 ?-?-?    120.641     29.500      8.677 
       V17N-E16CB-V17H    117.583     29.690      8.927     1.000
       N25N-E24CB-N25H    121.369     28.633      7.920     1.000
       L50N-Q49CA-L50H    125.735     55.842      8.541     1.000
                 ?-?-?    125.385     54.429      8.309 
       G75N-R74CA-G75H    110.474     56.173      8.517     1.000
       Q41N-Q40CB-Q41H    118.114     30.114      7.478     1.000
       L15N-T14CB-L15H    125.164     69.641      8.720     1.000
       Q62N-I61CA-Q62H    125.037     62.439      7.621     1.000
                 ?-?-?    115.402     46.368      8.287 
       L67N-T66CB-L67H    127.628     70.184      9.408     1.000
       S65N-E64CA-S65H    115.035     58.291      7.657     1.000
       I36N-G35CA-I36H    120.335     46.031      6.130     1.000
       I23N-T22CB-I23H    121.349     71.260      8.525     1.000
       L73N-R72CA-L73H    124.480     55.536      8.368     1.000
                 ?-?-?    119.996     55.493      8.551 
          V5N-F4CB-V5H    121.338     41.252      9.301     1.000
       E18N-V17CA-E18H    119.319     58.430      8.640     1.000
       Q41N-Q40CA-Q41H    118.114     55.617      7.478     1.000
       R42N-Q41CA-R42H    123.076     56.643      8.505     1.000
                 ?-?-?    115.535     45.138      8.370 
                 ?-?-?    120.000     29.305      8.551 
                 ?-?-?    125.379     56.953      8.310 
       I13N-T12CB-I13H    127.741     69.795      9.509     1.000
       T12N-K11CB-T12H    120.714     33.369      8.648     1.000
                 ?-?-?    108.790     45.221      8.345 
       Q49N-K48CA-Q49H    122.941     54.605      8.635     1.000
                 ?-?-?    120.440     58.300      8.546 
          L8N-T7CA-L8H    121.430     60.537      9.115     1.000
       H68N-L67CA-H68H    118.991     53.819      9.233     1.000
       G35N-E34CA-G35H    108.950     55.310      8.499     1.000
       R72N-L71CB-R72H    123.917     42.791      8.622     1.000
                 ?-?-?    110.079     45.227      8.343 
       K63N-Q62CA-K63H    120.656     53.612      8.492     1.000
       V70N-L69CA-V70H    127.116     53.856      9.192     1.000
                 ?-?-?    120.690     29.490      8.794 
       G47N-A46CA-G47H    102.583     52.531      8.147     1.000
          Q2N-M1CA-Q2H    123.039     54.472      8.944     1.000
       G35N-E34CB-G35H    108.950     33.196      8.499     1.000
       F45N-I44CB-F45H    125.383     41.200      8.837     1.000
       K29N-A28CA-K29H    120.296     55.393      7.852     1.000
       Q62N-I61CB-Q62H    125.034     36.649      7.621     1.000
       E16N-L15CB-E16H    122.521     46.912      8.121     1.000
          I3N-Q2CA-I3H    115.195     55.103      8.293     1.000
                 ?-?-?    115.394     45.165      8.287 
                 ?-?-?    108.790     46.432      8.344 
                 ?-?-?    115.066     45.228      7.942 
       R72N-L71CA-R72H    123.914     54.006      8.623     1.000
       R74N-L73CB-R74H    122.061     42.337      8.450     1.000
          I3N-Q2CB-I3H    115.197     30.596      8.293     1.000
       Q40N-D39CB-Q40H    116.999     39.801      7.814     1.000
                 ?-?-?    120.650     55.663      8.677 
       K11N-G10CA-K11H    121.973     45.336      7.261     1.000
       E64N-K63CB-E64H    114.593     32.590      9.302     1.000
       G47N-A46CB-G47H    102.582     16.486      8.147     1.000
          T9N-L8CB-T9H    105.973     41.902      7.634     1.000
       K33N-D32CB-K33H    115.552     40.959      7.413     1.000
       I44N-L43CB-I44H    122.263     45.744      9.056     1.000
       I61N-N60CA-I61H    118.938     54.148      7.238     1.000
       T22N-D21CA-T22H    109.112     55.848      7.877     1.000
       A46N-F45CB-A46H    132.908     43.679      8.922     1.000
       L50N-Q49CB-L50H    125.742     29.077      8.541     1.000
          Q2N-M1CB-Q2H    123.040     33.106      8.944     1.000
       I44N-L43CA-I44H    122.262     52.999      9.056     1.000
       D32N-Q31CA-D32H    119.842     60.043      8.016     1.000
       E16N-L15CA-E16H    122.525     52.763      8.122     1.000
       D58N-S57CA-D58H    124.593     61.192      7.928     1.000
       T55N-R54CA-T55H    108.864     54.299      8.806     1.000
       T14N-I13CA-T14H    121.843     60.010      8.743     1.000
       G75N-R74CB-G75H    110.474     30.897      8.518     1.000
       T14N-I13CB-T14H    121.843     40.758      8.743     1.000
       T22N-D21CB-T22H    109.112     40.864      7.877     1.000
       D21N-S20CA-D21H    123.965     57.388      8.042     1.000
       T55N-R54CB-T55H    108.856     32.684      8.807     1.000
       I30N-K29CA-I30H    121.397     59.771      8.271     1.000
       Y59N-D58CB-Y59H    115.820     40.292      7.241     1.000
       D52N-E51CB-D52H    120.440     31.817      8.158     1.000
        G10N-T9CA-G10H    109.269     61.448      7.808     1.000
                 ?-?-?    116.713     45.183      8.285 
                 ?-?-?    114.097     45.164      8.291 
       A28N-K27CB-A28H    123.604     33.665      7.983     1.000
       K33N-D32CA-K33H    115.553     57.406      7.413     1.000
       L56N-T55CA-L56H    118.109     59.715      8.134     1.000
       S20N-P19CA-S20H    103.471     65.284      7.021     1.000
       F45N-I44CA-F45H    125.382     58.935      8.837     1.000
          F4N-I3CB-F4H    118.533     42.080      8.596     1.000
                 ?-?-?    115.396     43.934      8.287 
       R54N-G53CA-R54H    119.419     45.159      7.453     1.000
                 ?-?-?    125.384     55.734      8.310 
                 ?-?-?    120.524     55.572      8.720 
       D39N-P38CB-D39H    113.735     32.802      8.529     1.000
       G76N-G75CA-G76H    108.790     43.934      8.346     0.980
                 ?-?-?    120.688     55.599      8.795 
       L69N-H68CA-L69H    124.153     55.618      8.299     1.000
       R42N-Q41CB-R42H    123.072     31.508      8.505     1.000
       Q40N-D39CA-Q40H    117.000     55.791      7.814     1.000
       D32N-Q31CB-D32H    119.843     27.716      8.016     1.000
                 ?-?-?    125.380     29.477      8.310 
          L8N-T7CB-L8H    121.428     70.531      9.115     1.000
       S57N-L56CB-S57H    113.589     40.256      8.472     1.000
       L15N-T14CA-L15H    125.164     62.100      8.720     1.000
       H68N-L67CB-H68H    118.993     44.327      9.232     1.000
       L56N-T55CB-L56H    118.111     72.360      8.134     1.000
       D58N-S57CB-D58H    124.589     62.523      7.928     1.000
       S65N-E64CB-S65H    115.035     25.956      7.657     1.000
       Q49N-K48CB-Q49H    122.944     34.425      8.635     1.000
       D21N-S20CB-D21H    123.963     63.413      8.042     1.000
       I30N-K29CB-I30H    121.406     33.316      8.271     1.000
       L71N-V70CA-L71H    123.281     60.654      8.137     1.000
       E34N-K33CB-E34H    114.315     34.006      8.714     1.000
       E18N-V17CB-E18H    119.321     36.365      8.640     1.000
       T66N-S65CB-T66H    117.481     64.942      8.738     1.000
       Q31N-I30CB-Q31H    123.662     36.738      8.542     1.000
        G10N-T9CB-G10H    109.267     69.078      7.808     1.000
       V26N-N25CA-V26H    122.190     56.017      8.093     1.000
       D52N-E51CA-D52H    120.441     55.948      8.157     1.000
          T7N-K6CB-T7H    115.577     34.492      8.734     1.000
       L73N-R72CB-L73H    124.482     31.297      8.368     1.000
       V26N-N25CB-V26H    122.190     38.396      8.093     1.000
       D39N-P38CA-D39H    113.737     66.125      8.529     1.000
       A46N-F45CA-A46H    132.908     56.688      8.922     1.000
